43 48 1130
7 8 272368
14 17 42157
43 47 2011
24 30 2531
45 51 2696
9 41 1469
33 36 148546
40 41 22103
13 17 13268
18 22 2425
34 35 333391
0 10 3918
23 26 2156
36 34 30367
2 5 105632
1 11 2998
33 30 16635
32 35 2094
5 8 18266
37 35 23746
10 8 28291
51 50 2475
9 26 9857
14 21 1792
11 5 14586
44 45 15367
18 16 136
24 27 43370
39 45 2167
20 30 8425
45 48 4983
8 41 2804
3 0 39088
25 29 6026
12 17 9956
11 27 6732
17 23 5093
34 36 355591
41 39 3869
4 10 31009
2 6 2140
41 45 7752
29 30 884369
7 9 8797
44 39 477
43 41 2574
10 5 15132
30 29 176901
27 39 1655
7 5 3543
22 39 2736
17 20 3447
20 19 2942
20 18 3105
16 19 45245
21 18 5662
17 19 47132
9 39 5332
33 34 699572
23 19 5019
6 9 9896
22 17 1767
21 19 5444
9 29 106635
36 33 10118
6 10 17866
3 1 37468
2 11 10610
1 6 1660
32 34 6421
19 16 124
51 49 1674
9 30 20841
48 47 3091
45 41 4721
10 29 67535
9 7 18273
15 16 40782
48 50 18220
49 51 15904
40 45 1246
30 32 16993
18 21 2548
41 40 5564
22 26 2129
25 27 22524
3 11 10853
2 1 40549
8 9 147861
39 43 400
33 35 156530
0 4 35349
9 4 7450
3 7 2043
44 41 2539
48 51 3269
39 41 7228
20 26 1903
45 44 1875
10 30 13425
25 30 1869
15 23 1742
6 29 2535
21 27 2385
12 13 143269
26 29 183342
22 16 1610
13 16 12770
1 5 34222
0 11 3779
41 43 10331
16 22 5131
3 6 2257
1 10 3187
8 6 11373
5 11 30207
37 34 55617
43 45 15913
6 4 3624
19 17 157
11 4 13137
47 50 1385
24 28 2972
6 11 17847
45 47 24633
30 33 639911
16 23 4967
21 30 8758
29 33 144483
11 26 7085
26 30 34192
50 51 16446
22 29 41016
19 23 2473
1 0 120577
4 11 31154
3 5 106552
2 7 2031
43 39 453
5 10 30347
4 6 113892
51 48 3893
17 18 46403
5 7 114027
40 39 1348
7 4 3352
10 7 30867
19 22 2607
8 39 10214
16 20 3199
17 22 5253
29 36 2088
0 2 93128
41 44 10012
31 33 19353
11 39 3318
35 34 43040
1 3 223083
29 35 2989
31 34 7038
23 17 1721
4 8 17611
36 37 470172
9 8 12622
37 36 31323
51 47 3449
15 13 13334
30 31 19455
13 14 79844
12 14 29610
10 26 7068
26 39 2838
7 11 16133
31 30 7100
21 39 2704
34 37 153871
15 12 10173
22 20 3050
13 12 36003
41 47 5976
22 27 2445
3 10 11212
35 33 17802
47 49 892
8 10 91011
8 29 202488
29 34 38161
49 47 1351
47 48 32353
20 27 2025
19 21 2710
18 17 181
15 22 1781
47 45 1070
21 26 2153
20 22 54896
11 30 13499
25 26 48698
50 47 941
40 43 9514
13 15 80171
12 15 29711
1 4 33862
23 20 2832
3 9 6436
1 9 1541
8 7 11632
37 33 75602
9 6 17754
8 26 19302
6 5 3692
32 36 2353
11 7 30838
44 47 2056
9 27 8790
24 29 9336
6 8 270506
11 8 28358
39 40 33364
15 21 1811
21 29 40916
29 32 3212
11 29 69006
33 37 26902
22 18 5384
27 30 17607
1 7 1460
0 9 2482
23 27 2428
45 43 1836
3 4 105986
2 4 105647
34 30 1732
33 31 1326
5 9 16568
4 7 111573
2 0 42215
14 16 41288
5 6 117161
17 21 5405
10 6 29882
24 26 119957
14 13 12510
20 29 36320
10 4 13742
8 40 1798
16 21 5507
21 16 1584
12 16 9506
0 3 91505
7 29 2488
14 22 1812
33 32 1512
35 37 437683
18 23 2343
45 40 2771
4 9 16915
28 30 936
22 19 5216
14 12 9426
14 23 1708
29 31 12710
8 28 1398
37 38 20206
20 39 2362
10 27 6557
7 10 16063
34 38 1646
0 1 382445
27 29 95364
16 18 45310
32 33 10849
44 48 1116
1 2 225345
30 34 204126
23 16 1548
10 39 3225
8 11 92825
23 29 41223
23 30 8686
2 10 11111
8 30 38521
28 29 5311
34 33 165960
30 36 13296
47 51 5113
21 20 3176
19 20 102931
23 39 2781
25 28 1729
15 17 41689
48 49 18895
20 23 55288
0 5 35284
2 9 6457
40 44 9306
30 35 17503
39 44 362
20 21 54833
23 18 5222
9 5 7930
8 27 16795
22 30 8553
21 17 1826
18 20 103461
11 6 29847
