i 0 463160
0 1 397287
1 2 234891
2 4 109866
4 7 115243
7 11 16615
11 8 30251
8 30 39160
30 29 183899
29 31 13630
31 33 20212
33 34 718940
34 35 341023
35 37 448277
37 f 903810
i 12 180082
12 13 153845
13 14 86258
14 16 43653
16 18 48042
18 20 109696
20 21 59524
21 30 9153
29 33 150195
i 1 195175
2 0 44415
0 5 36508
5 6 120868
6 10 18316
10 8 30118
8 29 204310
29 30 907243
30 33 653570
1 0 125153
0 2 96366
2 10 11448
10 4 14222
7 8 280593
34 36 363898
36 37 481486
1 3 232088
3 0 41134
0 4 36596
4 11 32466
11 7 31481
30 34 209187
34 33 169688
33 36 152298
3 4 110062
8 10 95286
10 29 68269
i 13 57979
13 15 86661
15 12 11727
12 17 10579
17 19 50094
19 20 109116
20 22 59577
22 29 42243
34 37 161858
37 33 79837
33 35 160862
35 f 39318
i 24 180818
24 26 122007
26 30 34855
29 34 39612
4 10 32283
10 7 31471
14 17 44596
17 18 49413
0 3 94538
3 1 39105
1 9 1579
9 5 8056
6 8 278742
36 34 31445
4 8 20139
8 7 13524
7 9 9053
9 29 107659
4 6 117633
8 9 154751
31 30 8317
35 34 44619
2 5 109589
2 1 42337
1 4 35104
13 12 38821
12 14 32869
20 23 59839
23 29 42514
37 36 33529
36 f 44412
5 7 117711
10 30 13697
15 16 43178
16 23 5304
23 18 5909
20 29 38900
i 25 82993
25 26 49841
16 19 47975
2 9 6568
9 7 19442
7 4 3954
8 27 17284
27 29 99249
10 5 15691
3 5 110520
7 10 16520
1 5 35457
5 10 31555
10 6 30479
8 41 3009
41 39 10563
39 40 41767
40 44 13429
44 45 20269
45 47 33461
47 48 43808
48 49 25958
49 51 21423
51 f 43125
8 11 96952
11 30 13789
37 34 56819
34 f 74743
15 17 44137
17 22 5542
22 18 6075
5 11 31449
11 6 30484
30 35 18443
35 33 18659
31 34 7369
33 f 33629
26 29 186781
3 9 6583
9 4 7597
9 30 21200
5 9 17014
11 29 69959
9 27 9029
3 11 11216
11 5 15115
12 16 10119
9 39 5611
39 45 4325
45 40 3685
40 43 13886
43 41 2947
41 47 7294
48 50 24928
50 51 22041
11 26 7352
30 31 22413
37 38 20747
38 f 27142
21 29 42123
30 32 18042
32 36 2558
6 11 18346
0 11 3863
11 4 13629
3 10 11619
8 39 10751
41 45 10013
22 39 2912
40 41 25321
41 43 12348
43 45 20739
32 33 11784
i 2 8517
45 41 6278
47 51 7263
51 48 6252
49 f 5980
i 30 511
24 27 44621
33 37 27769
14 13 14562
13 17 14102
24 29 10350
32 34 7078
5 8 20878
2 11 10989
36 33 10567
14 21 1888
21 17 2365
26 39 3157
39 41 11033
41 40 7047
43 44 243
50 f 6687
13 16 13631
14 12 10811
17 23 5429
20 27 2297
12 15 33001
15 13 15504
13 23 543
23 17 2234
22 30 8940
9 26 10123
30 36 14000
10 26 7291
18 22 2540
22 20 3381
12 22 377
22 17 2282
37 32 165
23 30 9076
14 22 1879
22 16 2052
8 26 19910
i 29 1578
25 27 22987
33 30 17103
17 21 5728
21 18 6357
2 6 2223
6 5 4319
27 30 18244
37 35 25486
13 21 551
21 16 2067
0 9 2512
7 29 2524
3 7 2131
19 22 2749
8 6 13224
20 30 9183
41 44 11849
45 48 6260
48 47 4087
47 49 1244
0 10 4023
6 30 540
12 23 388
23 16 1993
20 26 2126
0 6 1104
6 4 4255
11 27 6926
13 22 553
7 30 567
8 28 1446
28 29 7899
10 39 3398
45 44 2954
44 47 3029
14 23 1790
19 23 2597
23 20 3151
10 27 6756
25 29 6145
2 7 2101
23 19 5714
1 11 3119
8 24 1021
16 21 5862
10 40 555
40 39 4716
9 8 13120
i 3 7856
36 38 1021
21 39 2881
48 51 4286
51 50 3355
24 28 3236
9 31 176
31 29 1009
6 9 10153
11 41 966
40 45 2471
22 23 65
16 22 5461
15 18 667
18 16 1227
16 20 6423
21 27 2613
22 19 5898
15 21 1894
33 31 1686
31 35 772
i 14 1496
9 6 18920
17 20 6819
18 29 784
4 9 17405
1 7 1500
23 26 2251
7 5 4151
8 25 217
24 30 2680
15 23 1821
21 24 158
29 36 2233
11 39 3510
18 21 2682
21 20 3517
8 31 319
20 18 3255
14 19 700
19 17 1369
19 21 2850
1 6 1707
29 35 3233
20 19 3092
18 23 2463
8 45 10
43 48 1509
49 47 2235
21 19 6145
19 16 1208
26 40 625
1 10 3300
22 27 2676
23 27 2651
23 39 2951
34 38 1710
10 11 236
22 26 2223
6 26 719
18 30 191
6 27 902
9 13 46
22 40 497
51 49 2252
11 40 553
39 43 1298
31 36 460
9 41 1565
45 51 3706
51 47 4869
21 28 210
43 51 440
47 f 4200
6 29 2570
35 38 983
26 33 73
33 29 65
21 41 792
32 35 2282
27 41 511
43 47 2992
26 8 19
i 27 575
27 39 1830
15 19 658
25 28 1912
21 26 2250
34 30 1884
30 37 257
8 40 1886
41 48 557
10 24 332
10 41 969
43 39 1678
9 25 115
25 38 15
i 15 1714
44 48 1517
20 40 428
26 27 259
23 38 132
28 30 1391
18 17 1284
45 43 2895
26 41 963
33 38 790
15 22 1859
i 38 105
44 39 1667
39 47 250
47 45 1416
9 24 530
33 32 1553
9 40 917
39 44 1214
19 29 766
7 27 881
0 7 1062
29 32 3480
50 47 1628
14 18 680
11 12 85
25 30 1905
23 28 240
21 22 53
20 39 2610
47 50 1809
19 27 121
23 40 439
44 41 2873
11 28 540
7 26 719
21 40 490
3 6 2330
13 18 440
23 41 794
22 41 786
13 19 505
25 39 437
35 31 29
22 38 127
32 37 712
i 26 71
20 24 174
12 19 239
9 11 175
8 38 449
10 12 96
41 51 231
45 39 235
31 32 833
20 41 672
44 51 449
20 31 78
24 25 112
9 38 257
27 40 565
47 43 109
48 45 661
26 20 2
8 13 70
7 41 8
12 21 412
45 50 238
11 24 370
7 39 58
35 32 177
25 41 185
9 12 152
27 6 6
10 28 505
27 7 15
26 9 19
6 39 66
25 40 226
23 24 157
10 31 130
8 12 283
4 5 99
2 3 225
7 25 4
22 28 218
6 28 12
35 36 46
9 10 167
24 39 450
19 26 46
21 38 114
8 33 14
32 f 111
19 30 177
36 32 91
21 31 66
22 24 144
11 31 147
14 15 66
34 32 193
9 28 805
20 25 18
i 37 2
4 26 11
26 7 9
26 22 7
7 24 10
24 40 143
18 27 120
45 49 219
20 28 232
26 38 80
27 33 58
26 34 33
34 31 121
11 25 60
11 38 181
10 38 187
31 37 31
18 26 56
5 27 16
27 11 8
28 39 172
28 31 21
20 38 103
27 45 4
10 25 90
22 31 62
41 42 11
42 43 8
26 10 10
29 37 2
47 44 105
12 18 232
i 41 68
24 6 2
27 23 4
16 17 66
11 13 32
27 28 21
5 26 8
49 50 28
27 34 15
21 23 37
27 9 10
26 31 18
10 33 5
27 10 10
43 40 2
6 24 9
10 13 26
26 23 8
23 31 69
6 41 9
26 28 24
40 47 88
i 39 226
9 45 8
27 38 110
36 31 10
11 14 1
26 f 4
27 5 2
27 31 15
27 8 18
24 41 98
11 9 14
18 24 2
10 9 14
22 25 17
22 33 3
i 17 11
32 38 15
i 16 11
23 25 14
2 26 3
26 4 3
25 33 4
27 18 3
24 11 1
26 11 15
27 44 1
18 28 6
4 24 1
24 9 2
28 33 1
40 42 2
21 25 14
9 33 9
28 41 55
43 50 1
10 20 1
20 8 1
8 21 1
21 33 4
26 44 4
i 28 150
4 3 1
4 27 5
39 48 6
7 40 18
6 40 13
24 51 1
11 33 4
26 48 10
42 44 4
26 6 6
8 14 1
i 36 10
i 35 5
27 47 11
24 33 6
7 12 2
24 48 2
26 47 7
28 40 25
17 27 2
i 18 8
29 38 1
7 31 4
20 32 1
32 29 1
49 45 7
28 38 6
16 27 4
27 22 3
7 13 1
27 32 5
24 f 3
4 29 7
27 19 2
27 21 4
39 42 2
42 45 2
24 47 4
3 29 5
1 29 5
48 f 1
5 24 1
24 10 1
11 45 2
5 29 6
6 7 7
7 28 16
26 21 11
27 35 2
i 20 3
27 20 2
3 26 2
48 43 1
24 38 7
26 32 2
i 19 4
11 17 1
10 45 1
i 40 24
i 23 2
18 40 6
i 21 2
19 39 13
24 34 1
19 31 3
6 31 5
18 39 16
28 4 1
19 40 2
2 28 1
28 5 1
42 40 1
28 10 2
18 41 5
6 38 1
4 28 1
28 6 2
19 41 5
10 17 1
50 45 3
18 33 1
5 28 5
28 9 2
28 8 2
1 27 1
26 43 6
32 30 1
37 31 1
2 29 6
39 51 13
0 29 3
i 4 5
i 5 3
23 45 1
2 27 1
26 5 1
19 38 1
47 41 1
8 15 3
28 7 1
20 33 1
6 12 2
18 19 1
28 11 2
4 30 1
i 22 1
2 30 2
6 25 2
5 30 1
3 27 1
27 4 1
16 26 2
19 28 3
19 25 1
40 48 1
48 44 1
18 25 1
25 32 1
32 27 1
45 46 1
46 48 1
