43 1.4976763746353279
7 1.5304685307732337
14 1.5384193077431747
24 1.3458916720142666
45 1.376358727903793
9 1.5675388461761057
33 1.217336415692673
40 1.3972244776020628
13 1.5383045985888766
18 1.537147279974652
34 1.3792193685557554
0 1.5251264573066539
23 1.5529662008256877
36 1.3105158136754473
2 1.5251275123136325
1 1.5251096197490097
32 1.2964678268721987
5 1.5197847043394352
37 1.0678950892018713
10 1.5458278456215837
51 1.2174788059090094
11 1.546815241469253
44 1.4963095832522741
39 1.3546446334148972
20 1.5444303744889076
8 1.551861421140549
3 1.525137018614526
25 1.343056167725993
12 1.5383041418837358
17 1.5373383258377888
41 1.4015079059656663
4 1.5200620281044261
29 1.2495108342830863
30 1.2479119926643518
27 1.3597482573647208
22 1.5517158660490762
16 1.5374417245984737
21 1.5499101351442592
6 1.5304034422794643
19 1.5372004987683323
48 1.5682256289466205
15 1.5384253525165226
49 1.5281742701717551
26 1.350236145563416
47 1.340993053556313
50 1.5398050866988555
31 1.245863845826737
35 1.315327728115185
28 1.2492822940085275
38 -0.0
