43 43 0.0
43 7 0
43 14 0
43 24 0
43 45 3.078531924795318e-05
43 9 0
43 33 0
43 40 0.008667563768327426
43 13 0
43 18 0
43 34 0
43 0 0
43 23 0
43 36 0
43 2 0
43 1 0
43 32 0
43 5 0
43 37 0
43 10 0
43 51 0.6829746905417021
43 11 0
43 44 0.000240289551268027
43 39 0.01458508879855704
43 20 0
43 8 0
43 3 0
43 25 0
43 12 0
43 17 0
43 41 9.737308658758178e-05
43 4 0
43 29 0
43 30 0
43 27 0
43 22 0
43 16 0
43 21 0
43 6 0
43 19 0
43 48 0.0
43 15 0
43 49 0.10762263264057054
43 26 0
43 47 0.06309548596885728
43 50 0.122686090324881
43 31 0
43 35 0
43 28 0
43 38 0
7 43 1.4381061756344125e-05
7 7 0.0
7 14 0
7 24 0
7 45 7.286198305785985e-07
7 9 0.0
7 33 0.028641153418942102
7 40 2.4009453490281883e-05
7 13 0
7 18 0
7 34 0.05780102602651097
7 0 0
7 23 0
7 36 0.05504608981256409
7 2 0
7 1 0
7 32 8.773015800183456e-05
7 5 0.0006617650268822729
7 37 0.7449207421965071
7 10 0.0
7 51 0.03096262220248912
7 11 0.0
7 44 1.4585048853024944e-05
7 39 4.7490969205295306e-05
7 20 0
7 8 0.0
7 3 0
7 25 0
7 12 0
7 17 0
7 41 7.188224654202185e-06
7 4 0.0006603323733931373
7 29 0.0
7 30 2.649965710806746e-07
7 27 0.0
7 22 0
7 16 0
7 21 0
7 6 0.0
7 19 0
7 48 0.0
7 15 0
7 49 0.004872900964202338
7 26 1.2004065600970567e-06
7 47 0.0028367350547941384
7 50 0.005551264194293704
7 31 0.00043213898362356773
7 35 0.04903404104793458
7 28 0.0
7 38 0.018381609754509507
14 43 1.8934922593756802e-05
14 7 0
14 14 0.0
14 24 0
14 45 8.423165934836007e-07
14 9 0
14 33 0.02854396843060627
14 40 8.78230906089362e-06
14 13 0.0
14 18 1.8666344973812612e-05
14 34 0.057599091151609966
14 0 0
14 23 0.0
14 36 0.054854163549662605
14 2 0
14 1 0
14 32 8.677544944874892e-05
14 5 0
14 37 0.7423163713778657
14 10 0
14 51 0.03412317050973584
14 11 0
14 44 1.9194799836056873e-05
14 39 0.0
14 20 0.0
14 8 0
14 3 0
14 25 0
14 12 0.0
14 17 8.028977938888448e-05
14 41 9.771928534707222e-06
14 4 0
14 29 0.0
14 30 2.588490173509004e-07
14 27 0.0
14 22 0.0
14 16 7.73996565081728e-05
14 21 0.0
14 6 0
14 19 1.8699739080091363e-05
14 48 0.0
14 15 0.0
14 49 0.005370355018121192
14 26 6.817566218269471e-07
14 47 0.0031266306759706267
14 50 0.006118035544778174
14 31 0.00042749208727634497
14 35 0.04886307534317444
14 28 0
14 38 0.018317347845373824
24 43 4.728358796919142e-06
24 7 0
24 14 0
24 24 1.1225360334066723e-05
24 45 2.1034018252863264e-07
24 9 0
24 33 0.029645273260335853
24 40 2.1930857176532796e-06
24 13 0
24 18 0
24 34 0.05982677838747392
24 0 0
24 23 0
24 36 0.05697533443851404
24 2 0
24 1 0
24 32 9.072969340770606e-05
24 5 0
24 37 0.7710277566518857
24 10 0
24 51 0.008521111868499454
24 11 0
24 44 4.793254380136863e-06
24 39 0.0
24 20 0
24 8 0
24 3 0
24 25 0
24 12 0
24 17 0
24 41 2.4402098303199843e-06
24 4 0
24 29 0.0
24 30 2.736785802539083e-07
24 27 0.0
24 22 0
24 16 0
24 21 0
24 6 0
24 19 0
24 48 0.0
24 15 0
24 49 0.0013410651831480417
24 26 1.2220573470737665e-05
24 47 0.0007807706420637363
24 50 0.0015277731972290405
24 31 0.00044692048547246167
24 35 0.05075257640674595
24 28 0.0
24 38 0.01902582492393072
45 43 0.0
45 7 0
45 14 0
45 24 0
45 45 0.0
45 9 0
45 33 0
45 40 0.0018138088157388344
45 13 0
45 18 0
45 34 0
45 0 0
45 23 0
45 36 0
45 2 0
45 1 0
45 32 0
45 5 0
45 37 0
45 10 0
45 51 0.6966070974910299
45 11 0
45 44 0.0
45 39 0.0016274102242979658
45 20 0
45 8 0
45 3 0
45 25 0
45 12 0
45 17 0
45 41 0.0
45 4 0
45 29 0
45 30 0
45 27 0
45 22 0
45 16 0
45 21 0
45 6 0
45 19 0
45 48 0.0
45 15 0
45 49 0.10980165446487837
45 26 0
45 47 0.06492691955178273
45 50 0.1252231094522714
45 31 0
45 35 0
45 28 0
45 38 0
9 43 1.45973517326718e-05
9 7 0.0
9 14 0
9 24 0
9 45 7.197213378688202e-07
9 9 0.0
9 33 0.02849093053817477
9 40 2.957438723784258e-05
9 13 0
9 18 0
9 34 0.0574971342315903
9 0 0
9 23 0
9 36 0.05475673020633847
9 2 0
9 1 0
9 32 8.718791319969891e-05
9 5 0.002761872623102161
9 37 0.7410040466038202
9 10 0.0
9 51 0.03156682837512608
9 11 0.0
9 44 1.4802737753213927e-05
9 39 4.4312237708572456e-05
9 20 0
9 8 0.0
9 3 0
9 25 0
9 12 0
9 17 0
9 41 7.218000949358573e-06
9 4 0.0027121416001107943
9 29 0.0
9 30 2.629508402192705e-07
9 27 0.0
9 22 0
9 16 0
9 21 0
9 6 0.0
9 19 0
9 48 0.0
9 15 0
9 49 0.004968009201869089
9 26 1.172932431586726e-06
9 47 0.0028921766728671966
9 50 0.005659559966236274
9 31 0.0004294749784398108
9 35 0.048776284684244026
9 28 0.0
9 38 0.018284962080899334
33 43 0
33 7 0
33 14 0
33 24 0
33 45 0
33 9 0
33 33 0.03049134840850935
33 40 0
33 13 0
33 18 0
33 34 0.06000565350234397
33 0 0
33 23 0
33 36 0.053169755785267635
33 2 0
33 1 0
33 32 1.7758447851043904e-05
33 5 0
33 37 0.7892314788982475
33 10 0
33 51 0
33 11 0
33 44 0
33 39 0
33 20 0
33 8 0
33 3 0
33 25 0
33 12 0
33 17 0
33 41 0
33 4 0
33 29 0.0
33 30 0.0
33 27 0
33 22 0
33 16 0
33 21 0
33 6 0
33 19 0
33 48 0
33 15 0
33 49 0
33 26 0
33 47 0
33 50 0
33 31 0.0007607125211763891
33 35 0.04687641660131222
33 28 0
33 38 0.019446875835292397
40 43 7.046685037834493e-05
40 7 0
40 14 0
40 24 0
40 45 2.2491033398031965e-05
40 9 0
40 33 0
40 40 0.0
40 13 0
40 18 0
40 34 0
40 0 0
40 23 0
40 36 0
40 2 0
40 1 0
40 32 0
40 5 0
40 37 0
40 10 0
40 51 0.6947795211380187
40 11 0
40 44 7.295424627018782e-05
40 39 0.0075241797934792005
40 20 0
40 8 0
40 3 0
40 25 0
40 12 0
40 17 0
40 41 4.026484885616597e-05
40 4 0
40 29 0
40 30 0
40 27 0
40 22 0
40 16 0
40 21 0
40 6 0
40 19 0
40 48 0.0
40 15 0
40 49 0.10933262434367651
40 26 0
40 47 0.06358842794255547
40 50 0.12456906980336702
40 31 0
40 35 0
40 28 0
40 38 0
13 43 1.893445462883098e-05
13 7 0
13 14 0.0
13 24 0
13 45 8.422957761437028e-07
13 9 0
13 33 0.028544270431934908
13 40 8.782092011547156e-06
13 13 0.0
13 18 1.844149785664452e-05
13 34 0.05759969636852644
13 0 0
13 23 0.0
13 36 0.05485474020541549
13 2 0
13 1 0
13 32 8.677589260998031e-05
13 5 0
13 37 0.7423241699285813
13 10 0
13 51 0.03412232719443733
13 11 0
13 44 1.9194325448455643e-05
13 39 0.0
13 20 0.0
13 8 0
13 3 0
13 25 0
13 12 0.0
13 17 7.594287975484025e-05
13 41 9.77168702749566e-06
13 4 0
13 29 0.0
13 30 2.5884796215938734e-07
13 27 0.0
13 22 0.0
13 16 7.341551407487104e-05
13 21 0.0
13 6 0
13 19 1.8470584026979628e-05
13 48 0.0
13 15 0.0
13 49 0.005370222296995514
13 26 6.817574881624311e-07
13 47 0.0031265534040592104
13 50 0.0061178843450144784
13 31 0.00042749431111284664
13 35 0.04886358901938394
13 28 0
13 38 0.018317540288149067
18 43 1.8915700267606852e-05
18 7 0
18 14 0
18 24 0
18 45 8.414614917839506e-07
18 9 0
18 33 0.02854778765928011
18 40 8.773393449610632e-06
18 13 0
18 18 0.0
18 34 0.057606663589237724
18 0 0
18 23 0.0
18 36 0.054861384015953446
18 2 0
18 1 0
18 32 8.677184538532866e-05
18 5 0
18 37 0.7424139184320232
18 10 0
18 51 0.034088529439919024
18 11 0
18 44 1.9175313688153048e-05
18 39 0.0
18 20 0.0
18 8 0
18 3 0
18 25 0
18 12 0
18 17 5.883229739351533e-05
18 41 9.76200828297464e-06
18 4 0
18 29 0.0
18 30 2.5876211475942593e-07
18 27 0.0
18 22 0.0
18 16 5.863403636791248e-05
18 21 0.0
18 6 0
18 19 2.148218915369744e-06
18 48 0.0
18 15 0
18 49 0.005364903158422262
18 26 6.81618570708611e-07
18 47 0.003123456589767877
18 50 0.006111824655627022
18 31 0.00042747563373949694
18 35 0.04886950717353192
18 28 0
18 38 0.01831975499630402
34 43 0
34 7 0
34 14 0
34 24 0
34 45 0
34 9 0
34 33 0.026369277551418747
34 40 0
34 13 0
34 18 0
34 34 0.06653897017730569
34 0 0
34 23 0
34 36 0.06646923568417126
34 2 0
34 1 0
34 32 0.0005114173254447855
34 5 0
34 37 0.7529094720889952
34 10 0
34 51 0
34 11 0
34 44 0
34 39 0
34 20 0
34 8 0
34 3 0
34 25 0
34 12 0
34 17 0
34 41 0
34 4 0
34 29 0.0
34 30 0.0
34 27 0
34 22 0
34 16 0
34 21 0
34 6 0
34 19 0
34 48 0
34 15 0
34 49 0
34 26 0
34 47 0
34 50 0
34 31 0.00762568197153739
34 35 0.06081200642644689
34 28 0
34 38 0.01876393877467975
0 43 1.4307396164762974e-05
0 7 0.0
0 14 0
0 24 0
0 45 7.152900202504502e-07
0 9 0.0
0 33 0.028671888075029447
0 40 2.2643076183171665e-05
0 13 0
0 18 0
0 34 0.057862895646720744
0 0 0.0
0 23 0
0 36 0.05510502091369534
0 2 0.0
0 1 0.0
0 32 8.780660740414854e-05
0 5 0.0006034134189229996
0 37 0.7457180463676607
0 10 0.0
0 51 0.030346838258350828
0 11 0.0
0 44 1.4509611229007806e-05
0 39 4.258492003548728e-05
0 20 0
0 8 0.0
0 3 0.0
0 25 0
0 12 0
0 17 0
0 41 7.167580303958407e-06
0 4 0.0005831454013397105
0 29 0.0
0 30 2.651396012341492e-07
0 27 0.0
0 22 0
0 16 0
0 21 0
0 6 0.0
0 19 0
0 48 0.0
0 15 0
0 49 0.0047759933523529256
0 26 1.2074021774739755e-06
0 47 0.0027803473995128133
0 50 0.005440866934965408
0 31 0.0004325170583367303
0 35 0.049086535748047985
0 28 0.0
0 38 0.018401284058746026
23 43 1.9136927681066054e-05
23 7 0
23 14 0
23 24 0
23 45 8.513027531022614e-07
23 9 0
23 33 0.02849292677709691
23 40 8.87600213512869e-06
23 13 0
23 18 4.878169397842525e-05
23 34 0.057496716768901085
23 0 0
23 23 0.0
23 36 0.05475662669708337
23 2 0
23 1 0
23 32 8.669078922323891e-05
23 5 0
23 37 0.7409972112664466
23 10 0
23 51 0.03448720974712159
23 11 0
23 44 1.9399577394464558e-05
23 39 0.0
23 20 0.0
23 8 0
23 3 0
23 25 0
23 12 0
23 17 0.0006509099457820021
23 41 9.876179252701124e-06
23 4 0
23 29 0.0
23 30 2.589493876448699e-07
23 27 0.0
23 22 0.0
23 16 0.0006154293791082712
23 21 0.0
23 6 0
23 19 4.9419731778256835e-05
23 48 0.0
23 15 0
23 49 0.0054276480545622134
23 26 6.818608476461118e-07
23 47 0.003159986784925856
23 50 0.006183305126373871
23 31 0.0004270689839406325
23 35 0.04877619146278273
23 28 0
23 38 0.018284795988562013
36 43 0
36 7 0
36 14 0
36 24 0
36 45 0
36 9 0
36 33 0.01738793944672441
36 40 0
36 13 0
36 18 0
36 34 0.032575530776788784
36 0 0
36 23 0
36 36 0.07691515110980157
36 2 0
36 1 0
36 32 0.0022286304998431093
36 5 0
36 37 0.7632677736355284
36 10 0
36 51 0
36 11 0
36 44 0
36 39 0
36 20 0
36 8 0
36 3 0
36 25 0
36 12 0
36 17 0
36 41 0
36 4 0
36 29 0.0
36 30 0.0
36 27 0
36 22 0
36 16 0
36 21 0
36 6 0
36 19 0
36 48 0
36 15 0
36 49 0
36 26 0
36 47 0
36 50 0
36 31 0.005412744077226597
36 35 0.08398584385579753
36 28 0
36 38 0.01822638659828968
2 43 1.4307464837037487e-05
2 7 0.0
2 14 0
2 24 0
2 45 7.152969057741369e-07
2 9 0.0
2 33 0.028671875418434037
2 40 2.264442558374384e-05
2 13 0
2 18 0
2 34 0.057862870097677634
2 0 0.0
2 23 0
2 36 0.05510499657549046
2 2 0.0
2 1 0.0
2 32 8.780656886730058e-05
2 5 0.0006035406415589875
2 37 0.7457177168822515
2 10 0.0
2 51 0.030347258994791654
2 11 0.0
2 44 1.450968111662236e-05
2 39 4.2587388788355104e-05
2 20 0
2 8 0.0
2 3 0.0
2 25 0
2 12 0
2 17 0
2 41 7.16759748005711e-06
2 4 0.000582834804179168
2 29 0.0
2 30 2.651394859289974e-07
2 27 0.0
2 22 0
2 16 0
2 21 0
2 6 0.0
2 19 0
2 48 0.0
2 15 0
2 49 0.0047760595618093135
2 26 1.2073967012704958e-06
2 47 0.002780385938920985
2 50 0.005440942356803992
2 31 0.0004325168684666163
2 35 0.049086514064081495
2 28 0.0
2 38 0.018401275923656212
1 43 1.4307496133546396e-05
1 7 0.0
1 14 0
1 24 0
1 45 7.153130466951301e-07
1 9 0.0
1 33 0.02867192188367946
1 40 2.2644331038875652e-05
1 13 0
1 18 0
1 34 0.05786296425706832
1 0 0.0
1 23 0
1 36 0.05510508622728667
1 2 0.0
1 1 0.0
1 32 8.780675429232481e-05
1 5 0.0006021467350627399
1 37 0.7457189307106689
1 10 0.0
1 51 0.030347736307681235
1 11 0.0
1 44 1.450971400282161e-05
1 39 4.259305962242318e-05
1 20 0
1 8 0.0
1 3 0.0
1 25 0
1 12 0
1 17 0
1 41 7.167617811869129e-06
1 4 0.0005819867997301399
1 29 0.0
1 30 2.6514026014925043e-07
1 27 0.0
1 22 0
1 16 0
1 21 0
1 6 0.0
1 19 0
1 48 0.0
1 15 0
1 49 0.004776134676577582
1 26 1.207397626833833e-06
1 47 0.0027804296184371128
1 50 0.005441027940397789
1 31 0.00043251777818985787
1 35 0.04908659392824264
1 28 0.0
1 38 0.0184013058760599
32 43 0
32 7 0
32 14 0
32 24 0
32 45 0
32 9 0
32 33 0.02671393299426847
32 40 0
32 13 0
32 18 0
32 34 0.05639478686177067
32 0 0
32 23 0
32 36 0.06338837925954388
32 2 0
32 1 0
32 32 0.0
32 5 0
32 37 0.7724782011117471
32 10 0
32 51 0
32 11 0
32 44 0
32 39 0
32 20 0
32 8 0
32 3 0
32 25 0
32 12 0
32 17 0
32 41 0
32 4 0
32 29 0.00011146086053573774
32 30 0.0
32 27 0
32 22 0
32 16 0
32 21 0
32 6 0
32 19 0
32 48 0
32 15 0
32 49 0
32 26 0
32 47 0
32 50 0
32 31 0.004807500409648809
32 35 0.057124984976188044
32 28 0
32 38 0.018980753526296898
5 43 1.4331529173966492e-05
5 7 0.0
5 14 0
5 24 0
5 45 7.187106766022414e-07
5 9 0.0
5 33 0.028682875184039554
5 40 2.2924250339176265e-05
5 13 0
5 18 0
5 34 0.05788510356726401
5 0 0
5 23 0
5 36 0.05512616805823235
5 2 0
5 1 0
5 32 8.784419035164033e-05
5 5 0.0
5 37 0.7460042662756263
5 10 0.0
5 51 0.03049737956923162
5 11 0.0
5 44 1.4534254001143889e-05
5 39 4.36999892766661e-05
5 20 0
5 8 0.0
5 3 0
5 25 0
5 12 0
5 17 0
5 41 7.17656899622745e-06
5 4 0.0006034103448306519
5 29 0.0
5 30 2.652726389583831e-07
5 27 0.0
5 22 0
5 16 0
5 21 0
5 6 0.0
5 19 0
5 48 0.0
5 15 0
5 49 0.004799684473487669
5 26 1.2068135492274874e-06
5 47 0.0027941328573023723
5 50 0.005467856210133418
5 31 0.00043270184993753964
5 35 0.04910537324373201
5 28 0.0
5 38 0.01840834678605181
37 43 0
37 7 0
37 14 0
37 24 0
37 45 0
37 9 0
37 33 0.007695168670110081
37 40 0
37 13 0
37 18 0
37 34 0.014108533742271551
37 0 0
37 23 0
37 36 0.08094602703990465
37 2 0
37 1 0
37 32 0.0004060965868447693
37 5 0
37 37 0.8103175550921801
37 10 0
37 51 0
37 11 0
37 44 0
37 39 0
37 20 0
37 8 0
37 3 0
37 25 0
37 12 0
37 17 0
37 41 0
37 4 0
37 29 0.0
37 30 0.0
37 27 0
37 22 0
37 16 0
37 21 0
37 6 0
37 19 0
37 48 0
37 15 0
37 49 0
37 26 0
37 47 0
37 50 0
37 31 0.0018224582937308297
37 35 0.06582135526178111
37 28 0
37 38 0.018882805313176997
10 43 1.3971769899762145e-05
10 7 0.0
10 14 0
10 24 0
10 45 6.791902491213911e-07
10 9 0.0
10 33 0.028629463979792026
10 40 1.771902134529611e-05
10 13 0
10 18 0
10 34 0.05777692976228597
10 0 0
10 23 0
10 36 0.05502317547900761
10 2 0
10 1 0
10 32 8.763711620961901e-05
10 5 0.0026831365552438904
10 37 0.7446100319054223
10 10 0.0
10 51 0.02845108097216339
10 11 0.0
10 44 1.4167817616616965e-05
10 39 3.08011156394103e-05
10 20 0
10 8 0.0
10 3 0
10 25 0
10 12 0
10 17 0
10 41 7.059177188100927e-06
10 4 0.00264803385681245
10 29 0.0
10 30 2.6443120896146057e-07
10 27 0.0
10 22 0
10 16 0
10 21 0
10 6 0.0
10 19 0
10 48 0.0
10 15 0
10 49 0.004477645739781107
10 26 1.2291098432174245e-06
10 47 0.0026067140013908874
10 50 0.005101001205525517
10 31 0.0004316855402080108
10 35 0.0490136292667387
10 28 0.0
10 38 0.018373942983206198
51 43 0.001716052379095156
51 7 0
51 14 0
51 24 0
51 45 0.0
51 9 0
51 33 0
51 40 0.0007755166547618205
51 13 0
51 18 0
51 34 0
51 0 0
51 23 0
51 36 0
51 2 0
51 1 0
51 32 0
51 5 0
51 37 0
51 10 0
51 51 0.735401123698996
51 11 0
51 44 0.0017377352805032311
51 39 0.0007284587030735365
51 20 0
51 8 0
51 3 0
51 25 0
51 12 0
51 17 0
51 41 7.783572421251326e-05
51 4 0
51 29 0
51 30 0
51 27 0
51 22 0
51 16 0
51 21 0
51 6 0
51 19 0
51 48 0.0
51 15 0
51 49 0.10917947511322657
51 26 0
51 47 0.019301148194370777
51 50 0.13108265425176033
51 31 0
51 35 0
51 28 0
51 38 0
11 43 1.4010668778687445e-05
11 7 0.0
11 14 0
11 24 0
11 45 6.804268338593623e-07
11 9 0.0
11 33 0.02862459835131568
11 40 1.763913794004358e-05
11 13 0
11 18 0
11 34 0.05776734575680633
11 0 0
11 23 0
11 36 0.055014032703238444
11 2 0
11 1 0
11 32 8.764885345233539e-05
11 5 0.0027298355102613357
11 37 0.7444865934125712
11 10 0.0
11 51 0.028492924110188982
11 11 0.0
11 44 1.4207213678781071e-05
11 39 3.053607966987622e-05
11 20 0
11 8 0.0
11 3 0
11 25 0
11 12 0
11 17 0
11 41 7.080572539493542e-06
11 4 0.0026999726690879185
11 29 0.0
11 30 2.64599002213562e-07
11 27 0.0
11 22 0
11 16 0
11 21 0
11 6 0.0
11 19 0
11 48 0.0
11 15 0
11 49 0.0044842313081792365
11 26 1.2218857209566028e-06
11 47 0.0026105496682066283
11 50 0.005108503985402694
11 31 0.0004317410933311688
11 35 0.04900548510467355
11 28 0.0
11 38 0.01837089688762073
44 43 0.00023880929004657986
44 7 0
44 14 0
44 24 0
44 45 3.091757984126218e-05
44 9 0
44 33 0
44 40 0.008505995997390386
44 13 0
44 18 0
44 34 0
44 0 0
44 23 0
44 36 0
44 2 0
44 1 0
44 32 0
44 5 0
44 37 0
44 10 0
44 51 0.6831480644067286
44 11 0
44 44 0.0
44 39 0.014482630655539563
44 20 0
44 8 0
44 3 0
44 25 0
44 12 0
44 17 0
44 41 9.518096162697403e-05
44 4 0
44 29 0
44 30 0
44 27 0
44 22 0
44 16 0
44 21 0
44 6 0
44 19 0
44 48 0.0
44 15 0
44 49 0.10765366911225138
44 26 0
44 47 0.06312298364641375
44 50 0.12272174835016306
44 31 0
44 35 0
44 28 0
44 38 0
39 43 0.0003880447575545988
39 7 0
39 14 0
39 24 0
39 45 1.726210058054295e-05
39 9 0
39 33 0
39 40 0.00017998114190439954
39 13 0
39 18 0
39 34 0
39 0 0
39 23 0
39 36 0
39 2 0
39 1 0
39 32 0
39 5 0
39 37 0
39 10 0
39 51 0.699306658213404
39 11 0
39 44 0.0003933705781908187
39 39 0.0
39 20 0
39 8 0
39 3 0
39 25 0
39 12 0
39 17 0
39 41 0.0002002620090095205
39 4 0
39 29 0
39 30 0
39 27 0
39 22 0
39 16 0
39 21 0
39 6 0
39 19 0
39 48 0.0
39 15 0
39 49 0.11005791569765544
39 26 0
39 47 0.06407592306717066
39 50 0.12538058243452996
39 31 0
39 35 0
39 28 0
39 38 0
20 43 1.8897194580403218e-05
20 7 0
20 14 0
20 24 0
20 45 8.406382696488712e-07
20 9 0
20 33 0.02852932362657347
20 40 8.764810226542179e-06
20 13 0
20 18 2.1437891830243076e-05
20 34 0.05756936472538682
20 0 0
20 23 0.0
20 36 0.05482586531306848
20 2 0
20 1 0
20 32 8.671116893206775e-05
20 5 0
20 37 0.7419332109457669
20 10 0
20 51 0.03405517980685018
20 11 0
20 44 1.915655401485944e-05
20 39 0.0
20 20 0.0
20 8 0
20 3 0
20 25 0
20 12 0
20 17 0.00037741125551287076
20 41 9.752457874097028e-06
20 4 0
20 29 0.0
20 30 2.5855837189884386e-07
20 27 0.0
20 22 0.0
20 16 0.00036276112934957106
20 21 0.0
20 6 0
20 19 2.154414884642542e-05
20 48 0.0
20 15 0
20 49 0.005359654543868561
20 26 6.811041814733159e-07
20 47 0.0031204008366194705
20 50 0.0061058453097021
20 31 0.0004271771049742318
20 35 0.04883786776008886
20 28 0
20 38 0.018307893114608623
8 43 1.4303556805674598e-05
8 7 0.0
8 14 0
8 24 0
8 45 7.302852878080777e-07
8 9 0.0
8 33 0.02856200985537271
8 40 2.46566567719061e-05
8 13 0
8 18 0
8 34 0.05764175235361346
8 0 0
8 23 0
8 36 0.05489437795493396
8 2 0
8 1 0
8 32 8.753830910404833e-05
8 5 0.001925317936067809
8 37 0.7428682213762403
8 10 0.0
8 51 0.0310694078735503
8 11 0.0
8 44 1.4506867117545933e-05
8 39 4.9990474343462134e-05
8 20 0
8 8 0.0
8 3 0
8 25 0
8 12 0
8 17 0
8 41 7.139309747309327e-06
8 4 0.0018709345495491457
8 29 0.0
8 30 2.6466830303443283e-07
8 27 0.0
8 22 0
8 16 0
8 21 0
8 6 0.0
8 19 0
8 48 0.0
8 15 0
8 49 0.004889704321364508
8 26 1.1858101050921278e-06
8 47 0.002846501662406657
8 50 0.005570405824432965
8 31 0.00043118968532610073
8 35 0.048898899026949876
8 28 0.0
8 38 0.018330961642163975
3 43 1.4307275158282666e-05
3 7 0.0
3 14 0
3 24 0
3 45 7.152800653264933e-07
3 9 0.0
3 33 0.028671868144341573
3 40 2.2641066207615967e-05
3 13 0
3 18 0
3 34 0.057862855462724565
3 0 0.0
3 23 0
3 36 0.05510498264429519
3 2 0.0
3 1 0.0
3 32 8.780655026463798e-05
3 5 0.0006039717829367388
3 37 0.7457175285904377
3 10 0.0
3 51 0.030346212540519307
3 11 0.0
3 44 1.4509488244188195e-05
3 39 4.2581691359530136e-05
3 20 0
3 8 0.0
3 3 0.0
3 25 0
3 12 0
3 17 0
3 41 7.1675451362152165e-06
3 4 0.0005841498221351945
3 29 0.0
3 30 2.6513944807892437e-07
3 27 0.0
3 22 0
3 16 0
3 21 0
3 6 0.0
3 19 0
3 48 0.0
3 15 0
3 49 0.004775894877982669
3 26 1.2074083000009054e-06
3 47 0.00278029007973545
3 50 0.005440754761375308
3 31 0.0004325167765574838
3 35 0.04908650165967467
3 28 0.0
3 38 0.01840127128507927
25 43 4.571041795500398e-06
25 7 0
25 14 0
25 24 0
25 45 2.0334196428537307e-07
25 9 0
25 33 0.029658549983168515
25 40 2.1201196666885563e-06
25 13 0
25 18 0
25 34 0.05985212260291317
25 0 0
25 23 0
25 36 0.05699956656691597
25 2 0
25 1 0
25 32 9.060627610432054e-05
25 5 0
25 37 0.7713539101367248
25 10 0
25 51 0.008237606359404083
25 11 0
25 44 4.6337782408447835e-06
25 39 0.0
25 20 0
25 8 0
25 3 0
25 25 0.0
25 12 0
25 17 0
25 41 2.359021724715854e-06
25 4 0
25 29 0.0
25 30 2.724906926626674e-07
25 27 0.0
25 22 0
25 16 0
25 21 0
25 6 0
25 19 0
25 48 0.0
25 15 0
25 49 0.001296446667002991
25 26 1.0933224940496814e-05
25 47 0.000754793659038404
25 50 0.0014769427275970384
25 31 0.0004463264908592026
25 35 0.05077416160786082
25 28 0.0
25 38 0.019033873903384162
12 43 1.893445279084459e-05
12 7 0
12 14 0.0
12 24 0
12 45 8.422956943863164e-07
12 9 0
12 33 0.02854427162892582
12 40 8.782091159081065e-06
12 13 0.0
12 18 1.8440537180539982e-05
12 34 0.05759969876649858
12 0 0
12 23 0.0
12 36 0.054854742488871844
12 2 0
12 1 0
12 32 8.677589437596245e-05
12 5 0
12 37 0.7423242007710568
12 10 0
12 51 0.03412232387991588
12 11 0
12 44 1.9194323585244472e-05
12 39 0.0
12 20 0.0
12 8 0
12 3 0
12 25 0
12 12 0.0
12 17 7.592224894396e-05
12 41 9.771686078979896e-06
12 4 0
12 29 0.0
12 30 2.5884795804950073e-07
12 27 0.0
12 22 0.0
12 16 7.340319255305007e-05
12 21 0.0
12 6 0
12 19 1.846961127991125e-05
12 48 0.0
12 15 0.0
12 49 0.005370221773826816
12 26 6.817574915552155e-07
12 47 0.003126553100143479
12 50 0.006117883749251745
12 31 0.00042749431996954516
12 35 0.048863591051199695
12 28 0
12 38 0.018317541047934906
17 43 1.8931203104048305e-05
17 7 0
17 14 0
17 24 0
17 45 8.421511326481106e-07
17 9 0
17 33 0.028546497066595504
17 40 8.78058390419367e-06
17 13 0
17 18 1.5891940431913554e-05
17 34 0.05760416014014603
17 0 0
17 23 0.0
17 36 0.05485899320002433
17 2 0
17 1 0
17 32 8.677933652705971e-05
17 5 0
17 37 0.7423816878899905
17 10 0
17 51 0.034116467548723085
17 11 0
17 44 1.91910292972827e-05
17 39 0.0
17 20 0.0
17 8 0
17 3 0
17 25 0
17 12 0
17 17 0.0
17 41 9.770008981632539e-06
17 4 0
17 29 0.0
17 30 2.588415923126504e-07
17 27 0.0
17 22 0.0
17 16 8.911404088779069e-05
17 21 0.0
17 6 0
17 19 1.5954220686991258e-05
17 48 0.0
17 15 0
17 49 0.005369300099286886
17 26 6.817600668441001e-07
17 47 0.0031260164969268713
17 50 0.006116833754736829
17 31 0.0004275115617640766
17 35 0.04886737750192834
17 28 0
17 38 0.01831895961908874
41 43 7.412731446534697e-05
41 7 0
41 14 0
41 24 0
41 45 9.382658163063694e-06
41 9 0
41 33 0
41 40 0.0027701869675377153
41 13 0
41 18 0
41 34 0
41 0 0
41 23 0
41 36 0
41 2 0
41 1 0
41 32 0
41 5 0
41 37 0
41 10 0
41 51 0.6950278500556049
41 11 0
41 44 7.55644868670055e-05
41 39 0.004397361789718685
41 20 0
41 8 0
41 3 0
41 25 0
41 12 0
41 17 0
41 41 0.0
41 4 0
41 29 0
41 30 0
41 27 0
41 22 0
41 16 0
41 21 0
41 6 0
41 19 0
41 48 0.0
41 15 0
41 49 0.10938307625032784
41 26 0
41 47 0.06366606901381638
41 50 0.1245963814634991
41 31 0
41 35 0
41 28 0
41 38 0
4 43 1.4328195442528309e-05
4 7 0.0
4 14 0
4 24 0
4 45 7.183919305513727e-07
4 9 0.0
4 33 0.028682260855709345
4 40 2.291007856216398e-05
4 13 0
4 18 0
4 34 0.05788386980169887
4 0 0
4 23 0
4 36 0.05512499269894632
4 2 0
4 1 0
4 32 8.784298967897879e-05
4 5 0.0006421708492958006
4 37 0.7459883678769073
4 10 0.0
4 51 0.030484571211152
4 11 0.0
4 44 1.4530861401543702e-05
4 39 4.362417855471677e-05
4 20 0
4 8 0.0
4 3 0
4 25 0
4 12 0
4 17 0
4 41 7.174999856272386e-06
4 4 0.0
4 29 0.0
4 30 2.6527239542145776e-07
4 27 0.0
4 22 0
4 16 0
4 21 0
4 6 0.0
4 19 0
4 48 0.0
4 15 0
4 49 0.004797668775717515
4 26 1.2066357118661552e-06
4 47 0.0027929598720328455
4 50 0.005465559843857915
4 31 0.00043269587787064166
4 35 0.04910432625671958
4 28 0.0
4 38 0.018407954474812308
29 43 0
29 7 0
29 14 0
29 24 0
29 45 0
29 9 0
29 33 0.029981837358774965
29 40 0
29 13 0
29 18 0
29 34 0.060564891940093395
29 0 0
29 23 0
29 36 0.0576743728584939
29 2 0
29 1 0
29 32 9.842616259731225e-05
29 5 0
29 37 0.7805595977791554
29 10 0
29 51 0
29 11 0
29 44 0
29 39 0
29 20 0
29 8 0
29 3 0
29 25 0
29 12 0
29 17 0
29 41 0
29 4 0
29 29 0.0
29 30 3.300376489816799e-07
29 27 0
29 22 0
29 16 0
29 21 0
29 6 0
29 19 0
29 48 0
29 15 0
29 49 0
29 26 0
29 47 0
29 50 0
29 31 0.00048426563715847447
29 35 0.051375280407067486
29 28 0
29 38 0.019260997819010826
30 43 0
30 7 0
30 14 0
30 24 0
30 45 0
30 9 0
30 33 0.03016770185356905
30 40 0
30 13 0
30 18 0
30 34 0.060573058547824715
30 0 0
30 23 0
30 36 0.05770641817678294
30 2 0
30 1 0
30 32 5.746405755197672e-05
30 5 0
30 37 0.780544749858507
30 10 0
30 51 0
30 11 0
30 44 0
30 39 0
30 20 0
30 8 0
30 3 0
30 25 0
30 12 0
30 17 0
30 41 0
30 4 0
30 29 0.0
30 30 0.0
30 27 0
30 22 0
30 16 0
30 21 0
30 6 0
30 19 0
30 48 0
30 15 0
30 49 0
30 26 0
30 47 0
30 50 0
30 31 0.00028602165728902395
30 35 0.05140374182544753
30 28 0
30 38 0.019260844023027808
27 43 5.602691132490545e-06
27 7 0
27 14 0
27 24 0
27 45 2.492346977195276e-07
27 9 0
27 33 0.02957750130352627
27 40 2.5986145364208917e-06
27 13 0
27 18 0
27 34 0.059691694701259984
27 0 0
27 23 0
27 36 0.05684657754886359
27 2 0
27 1 0
27 32 9.07131212050297e-05
27 5 0
27 37 0.7692873945995681
27 10 0
27 51 0.010096771407387376
27 11 0
27 44 5.679586715978964e-06
27 39 0.0
27 20 0
27 8 0
27 3 0
27 25 0
27 12 0
27 17 0
27 41 2.8914349703449164e-06
27 4 0
27 29 0.0
27 30 2.7457741138562736e-07
27 27 0.0
27 22 0
27 16 0
27 21 0
27 6 0
27 19 0
27 48 0.0
27 15 0
27 49 0.001589044810772598
27 26 0
27 47 0.0009251448421489677
27 50 0.0018102774582481054
27 31 0.0004468226365909006
27 35 0.05063788253153936
27 28 0
27 38 0.018982878899425928
22 43 1.901309202314673e-05
22 7 0
22 14 0
22 24 0
22 45 8.457939463451864e-07
22 9 0
22 33 0.02850187796436127
22 40 8.818565247535385e-06
22 13 0
22 18 4.892315185047781e-05
22 34 0.05751509813770689
22 0 0
22 23 0.0
22 36 0.054774111007722635
22 2 0
22 1 0
22 32 8.675407397619538e-05
22 5 0
22 37 0.7412342080578506
22 10 0
22 51 0.03426404193341855
22 11 0
22 44 1.92740421220297e-05
22 39 0.0
22 20 0.0
22 8 0
22 3 0
22 25 0
22 12 0
22 17 0.0006593117752323784
22 41 9.812270187679115e-06
22 4 0
22 29 0.0
22 30 2.5931871242016535e-07
22 27 0.0
22 22 0.0
22 16 0.0006222658801279148
22 21 0.0
22 6 0
22 19 4.956119325829428e-05
22 48 0.0
22 15 0
22 49 0.00539252557407581
22 26 6.791641473484686e-07
22 47 0.003139538411537821
22 50 0.006143292765332853
22 31 0.0004273776652139498
22 35 0.048791766236561215
22 28 0
22 38 0.018290643920511895
16 43 1.8931077949311088e-05
16 7 0
16 14 0
16 24 0
16 45 8.421455651623706e-07
16 9 0
16 33 0.02854626957256188
16 40 8.78052585549702e-06
16 13 0
16 18 1.7889432062752066e-05
16 34 0.057603702100943247
16 0 0
16 23 0.0
16 36 0.05485855692136105
16 2 0
16 1 0
16 32 8.677876068979928e-05
16 5 0
16 37 0.7423757851807626
16 10 0
16 51 0.034116242003883426
16 11 0
16 44 1.9190902424827557e-05
16 39 0.0
16 20 0.0
16 8 0
16 3 0
16 25 0
16 12 0
16 17 9.313332745859852e-05
16 41 9.769944391817638e-06
16 4 0
16 29 0.0
16 30 2.588404539922711e-07
16 27 0.0
16 22 0.0
16 16 0.0
16 21 0.0
16 6 0
16 19 1.7822198801350734e-05
16 48 0.0
16 15 0
16 49 0.005369264602703939
16 26 6.817602185207577e-07
16 47 0.003125995830743213
16 50 0.0061167933161854916
16 31 0.0004275087150467805
16 35 0.04886698887322225
16 28 0
16 38 0.018318813963689368
21 43 1.885179518067929e-05
21 7 0
21 14 0
21 24 0
21 45 8.386186855955765e-07
21 9 0
21 33 0.028514696691201442
21 40 8.743753284926646e-06
21 13 0
21 18 4.8474908621188553e-05
21 34 0.05754012809885656
21 0 0
21 23 0.0
21 36 0.054798003513573716
21 2 0
21 1 0
21 32 8.669830133518119e-05
21 5 0
21 37 0.7415565112009109
21 10 0
21 51 0.03397336423794426
21 11 0
21 44 1.9110531519331913e-05
21 39 0.0
21 20 0.0
21 8 0
21 3 0
21 25 0
21 12 0
21 17 0.0006586575856345636
21 41 9.729028167034587e-06
21 4 0
21 29 0.0
21 30 2.5867814624601027e-07
21 27 0.0
21 22 0.0
21 16 0.0006265591791334602
21 21 0.0
21 6 0
21 19 4.9073265591661906e-05
21 48 0.0
21 15 0
21 49 0.00534677828867724
21 26 6.840927266218117e-07
21 47 0.0031129042569339256
21 50 0.006091176375040572
21 31 0.00042711101065978033
21 35 0.04881304904776706
21 28 0
21 38 0.01829859753564166
6 43 1.4364767513819018e-05
6 7 0.0
6 14 0
6 24 0
6 45 7.273311514986584e-07
6 9 0.0
6 33 0.02864258507746623
6 40 2.3923010244753936e-05
6 13 0
6 18 0
6 34 0.05780395704468615
6 0 0
6 23 0
6 36 0.05504887836863398
6 2 0
6 1 0
6 32 8.77392713604166e-05
6 5 0.0006778956907112092
6 37 0.7449585298760013
6 10 0.0
6 51 0.030905585246622885
6 11 0.0
6 44 1.4568488382450112e-05
6 39 4.7212720678116035e-05
6 20 0
6 8 0.0
6 3 0
6 25 0
6 12 0
6 17 0
6 41 7.180849820782976e-06
6 4 0.0006776629020488594
6 29 0.0
6 30 2.650475855574142e-07
6 27 0.0
6 22 0
6 16 0
6 21 0
6 6 0.0
6 19 0
6 48 0.0
6 15 0
6 49 0.004863924701412101
6 26 1.1996733925785436e-06
6 47 0.0028315108549119817
6 50 0.005541038376258929
6 31 0.00043218347254915073
6 35 0.04903652505182491
6 28 0.0
6 38 0.01838254217650497
19 43 1.89162483355908e-05
19 7 0
19 14 0
19 24 0
19 45 8.414858724886955e-07
19 9 0
19 33 0.028547633323259405
19 40 8.773647651992341e-06
19 13 0
19 18 2.243176110852441e-06
19 34 0.05760635618979242
19 0 0
19 23 0.0
19 36 0.0548610909988744
19 2 0
19 1 0
19 32 8.677183305898532e-05
19 5 0
19 37 0.7424099580998563
19 10 0
19 51 0.03408951712905365
19 11 0
19 44 1.917586927823775e-05
19 39 0.0
19 20 0.0
19 8 0
19 3 0
19 25 0
19 12 0
19 17 6.05301849282903e-05
19 41 9.762291129716874e-06
19 4 0
19 29 0.0
19 30 2.587643646574418e-07
19 27 0.0
19 22 0.0
19 16 6.050274089672457e-05
19 21 0.0
19 6 0
19 19 0.0
19 48 0.0
19 15 0
19 49 0.005365058602399238
19 26 6.816211177292412e-07
19 47 0.003123547089539608
19 50 0.006112001741084347
19 31 0.00042747553393218446
19 35 0.04886924616025609
19 28 0
19 38 0.018319657269080126
48 43 0.008959194995361498
48 7 0
48 14 0
48 24 0
48 45 0.0
48 9 0
48 33 0
48 40 0.0037374400918363205
48 13 0
48 18 0
48 34 0
48 0 0
48 23 0
48 36 0
48 2 0
48 1 0
48 32 0
48 5 0
48 37 0
48 10 0
48 51 0.6687099286964038
48 11 0
48 44 0.009072397450103917
48 39 0.0035117449166663255
48 20 0
48 8 0
48 3 0
48 25 0
48 12 0
48 17 0
48 41 0.00033951643478787334
48 4 0
48 29 0
48 30 0
48 27 0
48 22 0
48 16 0
48 21 0
48 6 0
48 19 0
48 48 0.0
48 15 0
48 49 0.10887284840565997
48 26 0
48 47 0.07021070214982884
48 50 0.12658622685935153
48 31 0
48 35 0
48 28 0
48 38 0
15 43 1.8934958269231888e-05
15 7 0
15 14 0.0
15 24 0
15 45 8.423181804939822e-07
15 9 0
15 33 0.02854395199233101
15 40 8.782325607712222e-06
15 13 0.0
15 18 1.867756268849167e-05
15 34 0.057599058062974585
15 0 0
15 23 0.0
15 36 0.05485413203568309
15 2 0
15 1 0
15 32 8.677540850525017e-05
15 5 0
15 37 0.7423159451226568
15 10 0
15 51 0.03412323481588799
15 11 0
15 44 1.9194836001209376e-05
15 39 0.0
15 20 0.0
15 8 0
15 3 0
15 25 0
15 12 0.0
15 17 8.049342602111704e-05
15 41 9.771946946059723e-06
15 4 0
15 29 0.0
15 30 2.588489404255158e-07
15 27 0.0
15 22 0.0
15 16 7.762777368074777e-05
15 21 0.0
15 6 0
15 19 1.871120881944838e-05
15 48 0.0
15 15 0.0
15 49 0.005370365141308376
15 26 6.817575650924441e-07
15 47 0.003126636567966946
15 50 0.006118047076551396
15 31 0.00042749188480725855
15 35 0.0488630472769809
15 28 0
15 38 0.01831733732934308
49 43 0.0017086503507978137
49 7 0
49 14 0
49 24 0
49 45 0.0
49 9 0
49 33 0
49 40 0.000784612173920915
49 13 0
49 18 0
49 34 0
49 0 0
49 23 0
49 36 0
49 2 0
49 1 0
49 32 0
49 5 0
49 37 0
49 10 0
49 51 0.6140404582231648
49 11 0
49 44 0.0017302397250783105
49 39 0.0007369587325762214
49 20 0
49 8 0
49 3 0
49 25 0
49 12 0
49 17 0
49 41 8.017075740947773e-05
49 4 0
49 29 0
49 30 0
49 27 0
49 22 0
49 16 0
49 21 0
49 6 0
49 19 0
49 48 0.0069521715465792455
49 15 0
49 49 0.19598341177018777
49 26 0
49 47 0.021234089723435202
49 50 0.15674923699685012
49 31 0
49 35 0
49 28 0
49 38 0
26 43 4.997236640741056e-06
26 7 0
26 14 0
26 24 0
26 45 2.2230116458952367e-07
26 9 0
26 33 0.02962402478858748
26 40 2.3177954075066507e-06
26 13 0
26 18 0
26 34 0.059785105619249976
26 0 0
26 23 0
26 36 0.05693556793354344
26 2 0
26 1 0
26 32 9.080145096895123e-05
26 5 0
26 37 0.7704910873379485
26 10 0
26 51 0.009005664391810558
26 11 0
26 44 5.0658225074669806e-06
26 39 0.0
26 20 0
26 8 0
26 3 0
26 25 0
26 12 0
26 17 0
26 41 2.578972218249805e-06
26 4 0
26 29 0.0
26 30 2.7457510182415123e-07
26 27 0
26 22 0
26 16 0
26 21 0
26 6 0
26 19 0
26 48 0.0
26 15 0
26 49 0.0014173247756105304
26 26 1.8150796819980397e-05
26 47 0.0008251691185275622
26 50 0.0016146499298888965
26 31 0.000447262328719712
26 35 0.05071715341456548
26 28 0
26 38 0.01901258141071822
47 43 0.0
47 7 0
47 14 0
47 24 0
47 45 0.0
47 9 0
47 33 0
47 40 0.00045626831380051223
47 13 0
47 18 0
47 34 0
47 0 0
47 23 0
47 36 0
47 2 0
47 1 0
47 32 0
47 5 0
47 37 0
47 10 0
47 51 0.7029894904890779
47 11 0
47 44 0.0
47 39 0.00042698392759882384
47 20 0
47 8 0
47 3 0
47 25 0
47 12 0
47 17 0
47 41 9.795220866267508e-05
47 4 0
47 29 0
47 30 0
47 27 0
47 22 0
47 16 0
47 21 0
47 6 0
47 19 0
47 48 0.0
47 15 0
47 49 0.10998573932128737
47 26 0
47 47 0.06194263124023168
47 50 0.12410093449934027
47 31 0
47 35 0
47 28 0
47 38 0
50 43 0.0022699978291831698
50 7 0
50 14 0
50 24 0
50 45 0.0
50 9 0
50 33 0
50 40 0.0010110390552349458
50 13 0
50 18 0
50 34 0
50 0 0
50 23 0
50 36 0
50 2 0
50 1 0
50 32 0
50 5 0
50 37 0
50 10 0
50 51 0.6134072359417819
50 11 0
50 44 0.002298680018448672
50 39 0.0009497416245520206
50 20 0
50 8 0
50 3 0
50 25 0
50 12 0
50 17 0
50 41 9.97805353820351e-05
50 4 0
50 29 0
50 30 0
50 27 0
50 22 0
50 16 0
50 21 0
50 6 0
50 19 0
50 48 0.006916979714298553
50 15 0
50 49 0.13630456329525734
50 26 0
50 47 0.024196692130788126
50 50 0.21254528985507246
50 31 0
50 35 0
50 28 0
50 38 0
31 43 0
31 7 0
31 14 0
31 24 0
31 45 0
31 9 0
31 33 0.02963601868603377
31 40 0
31 13 0
31 18 0
31 34 0.061469452109662176
31 0 0
31 23 0
31 36 0.057280440314240566
31 2 0
31 1 0
31 32 0.0003423840669183778
31 5 0
31 37 0.7808728995334667
31 10 0
31 51 0
31 11 0
31 44 0
31 39 0
31 20 0
31 8 0
31 3 0
31 25 0
31 12 0
31 17 0
31 41 0
31 4 0
31 29 8.439327325458981e-08
31 30 0.0
31 27 0
31 22 0
31 16 0
31 21 0
31 6 0
31 19 0
31 48 0
31 15 0
31 49 0
31 26 0
31 47 0
31 50 0
31 31 0.0
31 35 0.051109910688681495
31 28 0
31 38 0.019288810207723144
35 43 0
35 7 0
35 14 0
35 24 0
35 45 0
35 9 0
35 33 0.017165744967264838
35 40 0
35 13 0
35 18 0
35 34 0.03326791062267029
35 0 0
35 23 0
35 36 0.09354495902461327
35 2 0
35 1 0
35 32 0.0019120735109875967
35 5 0
35 37 0.7603951348441798
35 10 0
35 51 0
35 11 0
35 44 0
35 39 0
35 20 0
35 8 0
35 3 0
35 25 0
35 12 0
35 17 0
35 41 0
35 4 0
35 29 0.0
35 30 0.0
35 27 0
35 22 0
35 16 0
35 21 0
35 6 0
35 19 0
35 48 0
35 15 0
35 49 0
35 26 0
35 47 0
35 50 0
35 31 0.005174275922935202
35 35 0.07036351905239642
35 28 0
35 38 0.018176382054952613
28 43 0
28 7 0
28 14 0
28 24 0
28 45 0
28 9 0
28 33 0.030009685792763613
28 40 0
28 13 0
28 18 0
28 34 0.06056611555860421
28 0 0
28 23 0
28 36 0.057679174270038484
28 2 0
28 1 0
28 32 9.228873177892989e-05
28 5 0
28 37 0.7805573730867056
28 10 0
28 51 0
28 11 0
28 44 0
28 39 0
28 20 0
28 8 0
28 3 0
28 25 0
28 12 0
28 17 0
28 41 0
28 4 0
28 29 0.0
28 30 2.8058747458647375e-07
28 27 0
28 22 0
28 16 0
28 21 0
28 6 0
28 19 0
28 48 0
28 15 0
28 49 0
28 26 0
28 47 0
28 50 0
28 31 0.00045456236116074653
28 35 0.05137954483600998
28 28 0.0
28 38 0.019260974775463464
38 43 0
38 7 0
38 14 0
38 24 0
38 45 0
38 9 0
38 33 0
38 40 0
38 13 0
38 18 0
38 34 0
38 0 0
38 23 0
38 36 0
38 2 0
38 1 0
38 32 0
38 5 0
38 37 0
38 10 0
38 51 0
38 11 0
38 44 0
38 39 0
38 20 0
38 8 0
38 3 0
38 25 0
38 12 0
38 17 0
38 41 0
38 4 0
38 29 0
38 30 0
38 27 0
38 22 0
38 16 0
38 21 0
38 6 0
38 19 0
38 48 0
38 15 0
38 49 0
38 26 0
38 47 0
38 50 0
38 31 0
38 35 0
38 28 0
38 38 1.0
