43 43 0.2
43 7 0
43 14 0
43 24 0
43 45 0.1451739326131688
43 9 0
43 33 0
43 40 0.20062635030864198
43 13 0
43 18 0
43 34 0
43 0 0
43 23 0
43 36 0
43 2 0
43 1 0
43 32 0
43 5 0
43 37 0
43 10 0
43 51 0.5225855034722257
43 11 0
43 44 0.1813368055555556
43 39 0.21321797839506174
43 20 0
43 8 0
43 3 0
43 25 0
43 12 0
43 17 0
43 41 0.18130806327160498
43 4 0
43 29 0
43 30 0
43 27 0
43 22 0
43 16 0
43 21 0
43 6 0
43 19 0
43 48 0.305617525077161
43 15 0
43 49 0.7365433224022719
43 26 0
43 47 0.35900000000000026
43 50 0.736543322402272
43 31 0
43 35 0
43 28 0
43 38 0
7 43 0.06025325871858152
7 7 0.14285714285714285
7 14 0
7 24 0
7 45 0.04885911467442092
7 9 0.03266066440494036
7 33 0.13398613728059197
7 40 0.05678141437644528
7 13 0
7 18 0
7 34 0.1854119522109519
7 0 0
7 23 0
7 36 0.3022943193352902
7 2 0
7 1 0
7 32 0.13094975688109925
7 5 0.06064236633866364
7 37 0.2456485958509446
7 10 0.03624447469014716
7 51 0.1780987998781145
7 11 0.03624447469014713
7 44 0.06025325871858155
7 39 0.06499879903890877
7 20 0
7 8 0.032268131371447344
7 3 0
7 25 0
7 12 0
7 17 0
7 41 0.058778270788688546
7 4 0.06064236633866364
7 29 0.06694902380652183
7 30 0.11048409890338383
7 27 0.045805915052227336
7 22 0
7 16 0
7 21 0
7 6 0.03976177601716936
7 19 0
7 48 0.1040674162652311
7 15 0
7 49 0.25314469325121236
7 26 0.04580591505222732
7 47 0.12413022423476656
7 50 0.25314469325121236
7 31 0.17358702899614584
7 35 0.3022943193352901
7 28 0.01613406568572367
7 38 0.43106054806369226
14 43 0.06323124098201477
14 7 0
14 14 0.14285714285714285
14 24 0
14 45 0.04773175102382458
14 9 0
14 33 0.13393958690039445
14 40 0.05738549531020848
14 13 0.050595238095238096
14 18 0.07718046488249715
14 34 0.18774391503516374
14 0 0
14 23 0.05100573942723652
14 36 0.2950249072143413
14 2 0
14 1 0
14 32 0.12376637712718902
14 5 0
14 37 0.2392464318759912
14 10 0
14 51 0.1813804608636506
14 11 0
14 44 0.06323124098201477
14 39 0.06626261501586818
14 20 0.04577062676591641
14 8 0
14 3 0
14 25 0
14 12 0.050595238095238096
14 17 0.09037381272320599
14 41 0.06077748821463845
14 4 0
14 29 0.055218845846588344
14 30 0.10577397131462805
14 27 0.06626261501586835
14 22 0.051005739427236615
14 16 0.09037381272320591
14 21 0.05100573942723666
14 6 0
14 19 0.07718046488249716
14 48 0.1057721986347611
14 15 0.016666666666666666
14 49 0.257326869124488
14 26 0.06626261501586786
14 47 0.12667524616644724
14 50 0.25732686912448804
14 31 0.17069968316244497
14 35 0.29502490721434144
14 28 0
14 38 0.4269903469287695
24 43 0.02544672325102876
24 7 0
24 14 0
24 24 0.2
24 45 0.019209122574955894
24 9 0
24 33 0.17518320893171993
24 40 0.02309416666666665
24 13 0
24 18 0
24 34 0.24555534515760935
24 0 0
24 23 0
24 36 0.3858710568975531
24 2 0
24 1 0
24 32 0.16187739267517606
24 5 0
24 37 0.31291688012653596
24 10 0
24 51 0.07299458810993562
24 11 0
24 44 0.0254467232510288
24 39 0.026666666666666672
24 20 0
24 8 0
24 3 0
24 25 0
24 12 0
24 17 0
24 41 0.02445923721340381
24 4 0
24 29 0.0722222222222222
24 30 0.13834463839548147
24 27 0.06666666666666667
24 22 0
24 16 0
24 21 0
24 6 0
24 19 0
24 48 0.042566867651381575
24 15 0
24 49 0.10355839175485104
24 26 0.06666666666666667
24 47 0.050979071134627206
24 50 0.10355839175485104
24 31 0.22326273323115117
24 35 0.3858710568975532
24 28 0.1
24 38 0.558472225284151
45 43 0.11450892857142855
45 7 0
45 14 0
45 24 0
45 45 0.14285714285714285
45 9 0
45 33 0
45 40 0.10714285714285714
45 13 0
45 18 0
45 34 0
45 0 0
45 23 0
45 36 0
45 2 0
45 1 0
45 32 0
45 5 0
45 37 0
45 10 0
45 51 0.5384238591269841
45 11 0
45 44 0.11450892857142854
45 39 0.11994047619047618
45 20 0
45 8 0
45 3 0
45 25 0
45 12 0
45 17 0
45 41 0.09851190476190477
45 4 0
45 29 0
45 30 0
45 27 0
45 22 0
45 16 0
45 21 0
45 6 0
45 19 0
45 48 0.32293526785714416
45 15 0
45 49 0.8054377480158716
45 26 0
45 47 0.442894345238096
45 50 0.8054377480158718
45 31 0
45 35 0
45 28 0
45 38 0
9 43 0.07207672913030816
9 7 0.03885853342629441
9 14 0
9 24 0
9 45 0.058410715549786114
9 9 0.09090909090909091
9 33 0.12207722908630612
9 40 0.06715645207645266
9 13 0
9 18 0
9 34 0.17009619661201875
9 0 0
9 23 0
9 36 0.27194603524736877
9 2 0
9 1 0
9 32 0.11584373206413552
9 5 0.04388932339535595
9 37 0.2207467553455284
9 10 0.019395513371516477
9 51 0.2130579145383725
9 11 0.019395513371516484
9 44 0.0720767291303082
9 39 0.07725051036576391
9 20 0
9 8 0.022657794285345853
9 3 0
9 25 0
9 12 0
9 17 0
9 41 0.0696825510657502
9 4 0.04388932339535603
9 29 0.05531222985043113
9 30 0.09839494359892309
9 27 0.05078597064582333
9 22 0
9 16 0
9 21 0
9 6 0.03885853342629444
9 19 0
9 48 0.12442578335041132
9 15 0
9 49 0.30265436341405577
9 26 0.05078597064582378
9 47 0.1480501191440902
9 50 0.30265436341405577
9 31 0.1567851871468219
9 35 0.2719460352473688
9 28 0.011328897142672927
9 38 0.3908429519558155
33 43 0
33 7 0
33 14 0
33 24 0
33 45 0
33 9 0
33 33 0.14285714285714285
33 40 0
33 13 0
33 18 0
33 34 0.25985449735449717
33 0 0
33 23 0
33 36 0.49355985449735407
33 2 0
33 1 0
33 32 0.10720072751322751
33 5 0
33 37 0.3730158730158726
33 10 0
33 51 0
33 11 0
33 44 0
33 39 0
33 20 0
33 8 0
33 3 0
33 25 0
33 12 0
33 17 0
33 41 0
33 4 0
33 29 0.02927799823633157
33 30 0.08803350970017637
33 27 0
33 22 0
33 16 0
33 21 0
33 6 0
33 19 0
33 48 0
33 15 0
33 49 0
33 26 0
33 47 0
33 50 0
33 31 0.16612103174603168
33 35 0.4935598544973543
33 28 0
33 38 0.6328703703703695
40 43 0.1575082947530863
40 7 0
40 14 0
40 24 0
40 45 0.17520498971193413
40 9 0
40 33 0
40 40 0.2
40 13 0
40 18 0
40 34 0
40 0 0
40 23 0
40 36 0
40 2 0
40 1 0
40 32 0
40 5 0
40 37 0
40 10 0
40 51 0.537590599279838
40 11 0
40 44 0.1575082947530864
40 39 0.2103379629629626
40 20 0
40 8 0
40 3 0
40 25 0
40 12 0
40 17 0
40 41 0.1841643518518517
40 4 0
40 29 0
40 30 0
40 27 0
40 22 0
40 16 0
40 21 0
40 6 0
40 19 0
40 48 0.31896026234567953
40 15 0
40 49 0.7757716692386868
40 26 0
40 47 0.3845018004115251
40 50 0.7757716692386868
40 31 0
40 35 0
40 28 0
40 38 0
13 43 0.06331636974292139
13 7 0
13 14 0.04555555555555556
13 24 0
13 45 0.04779601268839618
13 9 0
13 33 0.13411991089993358
13 40 0.05746275389363765
13 13 0.2
13 18 0.08217210467105815
13 34 0.18799667624259683
13 0 0
13 23 0.05030715098145033
13 36 0.29542210170619
13 2 0
13 1 0
13 32 0.12393300485263538
13 5 0
13 37 0.23956853133576325
13 10 0
13 51 0.18162465495473748
13 11 0
13 44 0.06331636974292151
13 39 0.06635182494192345
13 20 0.04813402188139007
13 8 0
13 3 0
13 25 0
13 12 0.07222222222222223
13 17 0.10139217063025623
13 41 0.06085931346588005
13 4 0
13 29 0.05529318745158746
13 30 0.10591637571074936
13 27 0.06635182494191673
13 22 0.050307150981450485
13 16 0.10139217063025631
13 21 0.050307150981450464
13 6 0
13 19 0.08217210467105804
13 48 0.10591460065253254
13 15 0.04555555555555556
13 49 0.2576733105555746
13 26 0.06635182494191673
13 47 0.12684579013197125
13 50 0.2576733105555746
13 31 0.1709294975848115
13 35 0.2954221017061897
13 28 0
13 38 0.42756520758954064
18 43 0.06342776874792459
18 7 0
18 14 0
18 24 0
18 45 0.04788010513241765
18 9 0
18 33 0.13435588186514535
18 40 0.05756385402982566
18 13 0
18 18 0.16666666666666666
18 34 0.18832743815218025
18 0 0
18 23 0.04810389896699418
18 36 0.29594186824163327
18 2 0
18 1 0
18 32 0.12415105294344639
18 5 0
18 37 0.23999002893209725
18 10 0
18 51 0.18194420589139426
18 11 0
18 44 0.06342776874792458
18 39 0.06646856453486823
18 20 0.05509399670361976
18 8 0
18 3 0
18 25 0
18 12 0
18 17 0.08141869672251617
18 41 0.06096638951967966
18 4 0
18 29 0.055390470445724385
18 30 0.10610272529126002
18 27 0.06646856453486771
18 22 0.04810389896699423
18 16 0.08141869672251624
18 21 0.0481038989669942
18 6 0
18 19 0.06671491165910824
18 48 0.10610094710717397
18 15 0
18 49 0.25812666170292675
18 26 0.06646856453486771
18 47 0.1270689629856472
18 50 0.25812666170292675
18 31 0.17123023144629815
18 35 0.2959418682416332
18 28 0
18 38 0.42831746708608825
34 43 0
34 7 0
34 14 0
34 24 0
34 45 0
34 9 0
34 33 0.1673148148148148
34 40 0
34 13 0
34 18 0
34 34 0.16666666666666666
34 0 0
34 23 0
34 36 0.5051851851851848
34 2 0
34 1 0
34 32 0.2358564814814814
34 5 0
34 37 0.38374999999999965
34 10 0
34 51 0
34 11 0
34 44 0
34 39 0
34 20 0
34 8 0
34 3 0
34 25 0
34 12 0
34 17 0
34 41 0
34 4 0
34 29 0.03972993827160494
34 30 0.09915895061728393
34 27 0
34 22 0
34 16 0
34 21 0
34 6 0
34 19 0
34 48 0
34 15 0
34 49 0
34 26 0
34 47 0
34 50 0
34 31 0.23328703703703713
34 35 0.505185185185185
34 28 0
34 38 0.5504166666666666
0 43 0.0652535108240521
0 7 0.05312406988410901
0 14 0
0 24 0
0 45 0.052458238284296896
0 9 0.03933100564229988
0 33 0.12961141246975436
0 40 0.061090890756623356
0 13 0
0 18 0
0 34 0.18028238285998785
0 0 0.125
0 23 0
0 36 0.2896610675685539
0 2 0.01788814484126984
0 1 0.017795138888888888
0 32 0.12392122573538378
0 5 0.06945811767273657
0 37 0.2351917504872362
0 10 0.04320150368778039
0 51 0.19217944559892172
0 11 0.04320150368778002
0 44 0.06525351082405223
0 39 0.07006477469222898
0 20 0
0 8 0.028089813975835015
0 3 0.01788814484126984
0 25 0
0 12 0
0 17 0
0 41 0.06344011407164905
0 4 0.06945811767273789
0 29 0.06024796434406856
0 30 0.10507492721838055
0 27 0.05127460899789757
0 22 0
0 16 0
0 21 0
0 6 0.05312406988410902
0 19 0
0 48 0.11225698154531676
0 15 0
0 49 0.27306839064276367
0 26 0.05127460899789764
0 47 0.13390533673857768
0 50 0.2730683906427636
0 31 0.16682897787854525
0 35 0.2896610675685539
0 28 0.014044906987917508
0 38 0.4154741332129862
23 43 0.0630149625751386
23 7 0
23 14 0
23 24 0
23 45 0.04756848762889057
23 9 0
23 33 0.1334814551198234
23 40 0.05718921190159018
23 13 0
23 18 0.0644986886215391
23 34 0.18710174898595727
23 0 0
23 23 0.1
23 36 0.2940157933935933
23 2 0
23 1 0
23 32 0.12334304216176618
23 5 0
23 37 0.23842810475695067
23 10 0
23 51 0.1807600606395614
23 11 0
23 44 0.0630149625751386
23 39 0.06603596798801857
23 20 0.03976617745863789
23 8 0
23 3 0
23 25 0
23 12 0
23 17 0.06238053683407515
23 41 0.06056960271129107
23 4 0
23 29 0.05502997332334889
23 30 0.1054121782200119
23 27 0.06603596798801842
23 22 0.02917086325270849
23 16 0.06238053683407525
23 21 0.029170863252708488
23 6 0
23 19 0.06449868862153917
23 48 0.10541041160907456
23 15 0
23 49 0.25644669910476653
23 26 0.06603596798801864
23 47 0.12624196160621703
23 50 0.25644669910476653
23 31 0.17011581582199264
23 35 0.29401579339359324
23 28 0
23 38 0.42552985374249086
36 43 0
36 7 0
36 14 0
36 24 0
36 45 0
36 9 0
36 33 0.18355902777777774
36 40 0
36 13 0
36 18 0
36 34 0.27243441358024695
36 0 0
36 23 0
36 36 0.3333333333333333
36 2 0
36 1 0
36 32 0.2735506687242797
36 5 0
36 37 0.38194444444444425
36 10 0
36 51 0
36 11 0
36 44 0
36 39 0
36 20 0
36 8 0
36 3 0
36 25 0
36 12 0
36 17 0
36 41 0
36 4 0
36 29 0.06374356995884771
36 30 0.1261612654320987
36 27 0
36 22 0
36 16 0
36 21 0
36 6 0
36 19 0
36 48 0
36 15 0
36 49 0
36 26 0
36 47 0
36 50 0
36 31 0.252329603909465
36 35 0.5070183899176951
36 28 0
36 38 0.6543788580246914
2 43 0.06439938192859827
2 7 0.05964678992439898
2 14 0
2 24 0
2 45 0.051843446187691974
2 9 0.03819159685339559
2 33 0.13035869057215693
2 40 0.060354758213142234
2 13 0
2 18 0
2 34 0.1811586013775351
2 0 0.018239271017048794
2 23 0
2 36 0.29181904389211893
2 2 0.1111111111111111
2 1 0.014613252708490803
2 32 0.12512181951290743
2 5 0.06795223601040394
2 37 0.23697795922002335
2 10 0.04201312370803113
2 51 0.18977422954052772
2 11 0.04201312370803194
2 44 0.06439938192859831
2 39 0.06919941908625923
2 20 0
2 8 0.02880354231355896
2 3 0.004104728311077517
2 25 0
2 12 0
2 17 0
2 41 0.06264379121251547
2 4 0.06795223601040395
2 29 0.061392620333139546
2 30 0.10599890660186732
2 27 0.05034046219433964
2 22 0
2 16 0
2 21 0
2 6 0.0596467899243998
2 19 0
2 48 0.11085806320560025
2 15 0
2 49 0.2696650810281438
2 26 0.05034046219433964
2 47 0.13223557970301414
2 50 0.2696650810281438
2 31 0.16798336903181468
2 35 0.291819043892119
2 28 0.01440177115677948
2 38 0.4181365605506667
1 43 0.06440108689377462
1 7 0.05963376962696151
1 14 0
1 24 0
1 45 0.05184467340289713
1 9 0.0381938712789802
1 33 0.13035719888835043
1 40 0.06035622764084358
1 13 0
1 18 0
1 34 0.18115685231113224
1 0 0.018452380952380953
1 23 0
1 36 0.29181473622150145
1 2 0.01483843537414966
1 1 0.1
1 32 0.12511942295049278
1 5 0.06795524196911987
1 37 0.23697439367666234
1 10 0.04201549588723033
1 51 0.18977903079367428
1 11 0.042015495887230386
1 44 0.06440108689377455
1 39 0.06920114646173403
1 20 0
1 8 0.028802117608039853
1 3 0.014838435374149661
1 25 0
1 12 0
1 17 0
1 41 0.0626453807888253
1 4 0.06795524196911991
1 29 0.06139033543338776
1 30 0.105997062202792
1 27 0.050342326887160664
1 22 0
1 16 0
1 21 0
1 6 0.059633769626960854
1 19 0
1 48 0.11086085566163982
1 15 0
1 49 0.26967187463552034
1 26 0.050342326887160685
1 47 0.13223891280048095
1 50 0.2696718746355204
1 31 0.16798106469480711
1 35 0.29181473622150145
1 28 0.014401058804019927
1 38 0.41813124594096596
32 43 0
32 7 0
32 14 0
32 24 0
32 45 0
32 9 0
32 33 0.21689814814814812
32 40 0
32 13 0
32 18 0
32 34 0.24609374999999994
32 0 0
32 23 0
32 36 0.44743923611111114
32 2 0
32 1 0
32 32 0.25
32 5 0
32 37 0.3689814814814814
32 10 0
32 51 0
32 11 0
32 44 0
32 39 0
32 20 0
32 8 0
32 3 0
32 25 0
32 12 0
32 17 0
32 41 0
32 4 0
32 29 0.12297453703703692
32 30 0.17815393518518513
32 27 0
32 22 0
32 16 0
32 21 0
32 6 0
32 19 0
32 48 0
32 15 0
32 49 0
32 26 0
32 47 0
32 50 0
32 31 0.31828703703703676
32 35 0.44743923611111125
32 28 0
32 38 0.6150752314814814
5 43 0.06476725338828308
5 7 0.05996792392227524
5 14 0
5 24 0
5 45 0.05241261645623788
5 9 0.03595299785689631
5 33 0.12992514219636384
5 40 0.060942034736766994
5 13 0
5 18 0
5 34 0.1805424630864462
5 0 0
5 23 0
5 36 0.2908892850551548
5 2 0
5 1 0
5 32 0.12474631330436119
5 5 0.16666666666666666
5 37 0.2362257675326749
5 10 0.039925663515802304
5 51 0.1912772674353803
5 11 0.03992566351580229
5 44 0.06476725338828325
5 39 0.06979211522823872
5 20 0
5 8 0.03310202635937766
5 3 0
5 25 0
5 12 0
5 17 0
5 41 0.0631320810290586
5 4 0.04743408716293239
5 29 0.06125507009246969
5 30 0.10567296352253898
5 27 0.049635450415959695
5 22 0
5 16 0
5 21 0
5 6 0.05996792392227523
5 19 0
5 48 0.11175908187100693
5 15 0
5 49 0.27185533418109226
5 26 0.04963545041595966
5 47 0.13330690389661976
5 50 0.27185533418109226
5 31 0.16744077818967718
5 35 0.29088928505515493
5 28 0.01655101317968883
5 38 0.4167682306191526
37 43 0
37 7 0
37 14 0
37 24 0
37 45 0
37 9 0
37 33 0.17009722222222223
37 40 0
37 13 0
37 18 0
37 34 0.2555555555555556
37 0 0
37 23 0
37 36 0.48282175925925924
37 2 0
37 1 0
37 32 0.2108101851851852
37 5 0
37 37 0.2
37 10 0
37 51 0
37 11 0
37 44 0
37 39 0
37 20 0
37 8 0
37 3 0
37 25 0
37 12 0
37 17 0
37 41 0
37 4 0
37 29 0.04549567901234568
37 30 0.10587469135802466
37 27 0
37 22 0
37 16 0
37 21 0
37 6 0
37 19 0
37 48 0
37 15 0
37 49 0
37 26 0
37 47 0
37 50 0
37 31 0.22474537037037043
37 35 0.482821759259259
37 28 0
37 38 0.4555555555555556
10 43 0.0638282347419827
10 7 0.04195736720893571
10 14 0
10 24 0
10 45 0.050607358568361134
10 9 0.01892107316551763
10 33 0.13175235701923124
10 40 0.05949980903393595
10 13 0
10 18 0
10 34 0.1835765250327431
10 0 0
10 23 0
10 36 0.2935003909231218
10 2 0
10 1 0
10 32 0.12502632567171276
10 5 0.04729498096958785
10 37 0.2382431775658512
10 10 0.1
10 51 0.1868665832111792
10 11 0.020934895434355314
10 44 0.06382823474198261
10 39 0.06826435901585527
10 20 0
10 8 0.02454011621885162
10 3 0
10 25 0
10 12 0
10 17 0
10 41 0.06202548160603983
10 4 0.0472949809695878
10 29 0.05969840800376995
10 30 0.10619413123075039
10 27 0.05479869493957486
10 22 0
10 16 0
10 21 0
10 6 0.04195736720893571
10 19 0
10 48 0.10912734994011085
10 15 0
10 49 0.26546557016516215
10 26 0.05479869493957508
10 47 0.13036391219314983
10 50 0.2654655701651621
10 31 0.16921165764997975
10 35 0.2935003909231219
10 28 0.01227005810942581
10 38 0.4218197025982466
51 43 0.168923611111111
51 7 0
51 14 0
51 24 0
51 45 0.0736111111111111
51 9 0
51 33 0
51 40 0.10787037037037026
51 13 0
51 18 0
51 34 0
51 0 0
51 23 0
51 36 0
51 2 0
51 1 0
51 32 0
51 5 0
51 37 0
51 10 0
51 51 0.25
51 11 0
51 44 0.168923611111111
51 39 0.12835648148148138
51 20 0
51 8 0
51 3 0
51 25 0
51 12 0
51 17 0
51 41 0.1164351851851851
51 4 0
51 29 0
51 30 0
51 27 0
51 22 0
51 16 0
51 21 0
51 6 0
51 19 0
51 48 0.4626736111111106
51 15 0
51 49 0.7682291666666666
51 26 0
51 47 0.34027777777777773
51 50 0.7682291666666669
51 31 0
51 35 0
51 28 0
51 38 0
11 43 0.0638282347419565
11 7 0.04195736720893567
11 14 0
11 24 0
11 45 0.05060735856833621
11 9 0.018921073165517627
11 33 0.1317523570192554
11 40 0.05949980903391249
11 13 0
11 18 0
11 34 0.18357652503284383
11 0 0
11 23 0
11 36 0.29350039092284935
11 2 0
11 1 0
11 32 0.12502632567176994
11 5 0.04729498096958783
11 37 0.23824317756588997
11 10 0.020934895434355314
11 51 0.18686658321032784
11 11 0.1
11 44 0.06382823474195659
11 39 0.06826435901583486
11 20 0
11 8 0.024540116218851625
11 3 0
11 25 0
11 12 0
11 17 0
11 41 0.062025481606024904
11 4 0.0472949809695878
11 29 0.05969840800376997
11 30 0.10619413123078686
11 27 0.054798694939575156
11 22 0
11 16 0
11 21 0
11 6 0.04195736720893566
11 19 0
11 48 0.1091273499400964
11 15 0
11 49 0.26546557016379857
11 26 0.05479869493957497
11 47 0.13036391219290563
11 50 0.2654655701637986
11 31 0.16921165765000196
11 35 0.29350039092284935
11 28 0.012270058109425814
11 38 0.42181970259790347
44 43 0.18133680555555548
44 7 0
44 14 0
44 24 0
44 45 0.1451739326131686
44 9 0
44 33 0
44 40 0.20062635030864182
44 13 0
44 18 0
44 34 0
44 0 0
44 23 0
44 36 0
44 2 0
44 1 0
44 32 0
44 5 0
44 37 0
44 10 0
44 51 0.5225855034722243
44 11 0
44 44 0.2
44 39 0.21321797839506162
44 20 0
44 8 0
44 3 0
44 25 0
44 12 0
44 17 0
44 41 0.1813080632716049
44 4 0
44 29 0
44 30 0
44 27 0
44 22 0
44 16 0
44 21 0
44 6 0
44 19 0
44 48 0.3056175250771605
44 15 0
44 49 0.7365433224022666
44 26 0
44 47 0.3590000000000001
44 50 0.7365433224022666
44 31 0
44 35 0
44 28 0
44 38 0
39 43 0.19085042438271624
39 7 0
39 14 0
39 24 0
39 45 0.14406841931216946
39 9 0
39 33 0
39 40 0.17320625000000012
39 13 0
39 18 0
39 34 0
39 0 0
39 23 0
39 36 0
39 2 0
39 1 0
39 32 0
39 5 0
39 37 0
39 10 0
39 51 0.5474594108245181
39 11 0
39 44 0.19085042438271604
39 39 0.2
39 20 0
39 8 0
39 3 0
39 25 0
39 12 0
39 17 0
39 41 0.18344427910052924
39 4 0
39 29 0
39 30 0
39 27 0
39 22 0
39 16 0
39 21 0
39 6 0
39 19 0
39 48 0.3192515073853615
39 15 0
39 49 0.7766879381613842
39 26 0
39 47 0.38234303350970195
39 50 0.7766879381613842
39 31 0
39 35 0
39 28 0
39 38 0
20 43 0.06319143383514195
20 7 0
20 14 0
20 24 0
20 45 0.04770170156100161
20 9 0
20 33 0.13385526539608789
20 40 0.05734936834491554
20 13 0
20 18 0.05897541887125224
20 34 0.18762572107212586
20 0 0
20 23 0.03288756613756614
20 36 0.29483917462652365
20 2 0
20 1 0
20 32 0.12368846015703983
20 5 0
20 37 0.23909581455767268
20 10 0
20 51 0.18126627304201107
20 11 0
20 44 0.06319143383514181
20 39 0.06622089947089908
20 20 0.1
20 8 0
20 3 0
20 25 0
20 12 0
20 17 0.05453097442680776
20 41 0.060739225824143525
20 4 0
20 29 0.05518408289241608
20 30 0.1057073814405304
20 27 0.0662208994708991
20 22 0.03288756613756616
20 16 0.05453097442680776
20 21 0.03288756613756619
20 6 0
20 19 0.05897541887125218
20 48 0.10570560988226434
20 15 0
20 49 0.2571648693643253
20 26 0.0662208994708991
20 47 0.12659549792683278
20 50 0.25716486936432537
20 31 0.17059221937978983
20 35 0.29483917462652365
20 28 0
20 38 0.426721535631312
8 43 0.07271010515489998
8 7 0.031171009081061987
8 14 0
8 24 0
8 45 0.061516226866975256
8 9 0.018810404028657975
8 33 0.12001411671745679
8 40 0.07075654358036396
8 13 0
8 18 0
8 34 0.16740614583567623
8 0 0
8 23 0
8 36 0.2667982829141362
8 2 0
8 1 0
8 32 0.1133361592688693
8 5 0.03145182960411132
8 37 0.21652955912708888
8 10 0.02082026396345179
8 51 0.21884459016692595
8 11 0.020820263963451793
8 44 0.07271010515489998
8 39 0.08026257174287513
8 20 0
8 8 0.07692307692307693
8 3 0
8 25 0
8 12 0
8 17 0
8 41 0.07212286213908564
8 4 0.031451829604111324
8 29 0.05347570591557821
8 30 0.09637221485656212
8 27 0.045791336292879486
8 22 0
8 16 0
8 21 0
8 6 0.03117100908106197
8 19 0
8 48 0.12808782330387644
8 15 0
8 49 0.3115599433300952
8 26 0.045791336292879424
8 47 0.15273240783245864
8 50 0.3115599433300952
8 31 0.1539177512144019
8 35 0.2667982829141364
8 28 0.038461538461538464
8 38 0.38393570496211143
3 43 0.06439938192913314
3 7 0.05964678992439952
3 14 0
3 24 0
3 45 0.051843446189383656
3 9 0.03819159685339569
3 33 0.1303586905739182
3 40 0.060354758213728404
3 13 0
3 18 0
3 34 0.18115860138592935
3 0 0.018239271017048794
3 23 0
3 36 0.2918190439002717
3 2 0.004104728311077516
3 1 0.014613252708490803
3 32 0.1251218195130839
3 5 0.06795223601040484
3 37 0.23697795923063056
3 10 0.04201312370803106
3 51 0.18977422964012497
3 11 0.04201312370803125
3 44 0.06439938192913301
3 39 0.06919941908631326
3 20 0
3 8 0.02880354231355901
3 3 0.1111111111111111
3 25 0
3 12 0
3 17 0
3 41 0.06264379121303351
3 4 0.06795223601040465
3 29 0.061392620333143647
3 30 0.10599890660188524
3 27 0.050340462194339554
3 22 0
3 16 0
3 21 0
3 6 0.059646789924399396
3 19 0
3 48 0.110858063219831
3 15 0
3 49 0.2696650811580413
3 26 0.05034046219433953
3 47 0.13223557973439093
3 50 0.2696650811580413
3 31 0.1679833690366112
3 35 0.29181904390027164
3 28 0.014401771156779505
3 38 0.41813656061730786
25 43 0.02544672325102876
25 7 0
25 14 0
25 24 0
25 45 0.019209122574955894
25 9 0
25 33 0.1751832089317202
25 40 0.02309416666666665
25 13 0
25 18 0
25 34 0.2455553451576098
25 0 0
25 23 0
25 36 0.3858710568975537
25 2 0
25 1 0
25 32 0.16187739267517653
25 5 0
25 37 0.31291688012653585
25 10 0
25 51 0.07299458810993562
25 11 0
25 44 0.0254467232510288
25 39 0.026666666666666672
25 20 0
25 8 0
25 3 0
25 25 0.2
25 12 0
25 17 0
25 41 0.02445923721340381
25 4 0
25 29 0.07222222222222222
25 30 0.13834463839548175
25 27 0.06666666666666667
25 22 0
25 16 0
25 21 0
25 6 0
25 19 0
25 48 0.042566867651381575
25 15 0
25 49 0.10355839175485104
25 26 0.06666666666666667
25 47 0.050979071134627206
25 50 0.10355839175485104
25 31 0.22326273323115176
25 35 0.38587105689755347
25 28 0.1
25 38 0.5584722252841483
12 43 0.06331636974294923
12 7 0
12 14 0.04555555555555556
12 24 0
12 45 0.04779601268857052
12 9 0
12 33 0.134119910901123
12 40 0.05746275389355423
12 13 0.07222222222222223
12 18 0.08217210467106183
12 34 0.18799667624204675
12 0 0
12 23 0.05030715098145096
12 36 0.29542210171025307
12 2 0
12 1 0
12 32 0.12393300485390969
12 5 0
12 37 0.23956853133635764
12 10 0
12 51 0.18162465493825086
12 11 0
12 44 0.06331636974294916
12 39 0.06635182494193692
12 20 0.04813402188138673
12 8 0
12 3 0
12 25 0
12 12 0.2
12 17 0.1013921706302537
12 41 0.06085931346629135
12 4 0
12 29 0.05529318745156618
12 30 0.10591637571144677
12 27 0.06635182494191548
12 22 0.05030715098145097
12 16 0.10139217063025618
12 21 0.05030715098145119
12 6 0
12 19 0.08217210467106194
12 48 0.10591460065117816
12 15 0.04555555555555556
12 49 0.2576733105373076
12 26 0.06635182494191547
12 47 0.12684579012932698
12 50 0.2576733105373076
12 31 0.17092949758766016
12 35 0.2954221017102531
12 28 0
12 38 0.4275652075542889
17 43 0.06342974308221457
17 7 0
17 14 0
17 24 0
17 45 0.0478815955101183
17 9 0
17 33 0.13436006399905448
17 40 0.05756564583636295
17 13 0
17 18 0.08881990336858354
17 34 0.18833330027431974
17 0 0
17 23 0.049376780290305324
17 36 0.29595108010868654
17 2 0
17 1 0
17 32 0.12415491742882288
17 5 0
17 37 0.2399974991705438
17 10 0
17 51 0.18194986932088306
17 11 0
17 44 0.06342974308221463
17 39 0.0664706335208985
17 20 0.051281559691777924
17 8 0
17 3 0
17 25 0
17 12 0
17 17 0.16666666666666666
17 41 0.0609682872379159
17 4 0
17 29 0.05539219460074972
17 30 0.106106027981131
17 27 0.06647063352089774
17 22 0.04937678029030536
17 16 0.065465876165281
17 21 0.049376780290305455
17 6 0
17 19 0.08881990336858356
17 48 0.10610424974172904
17 15 0
17 49 0.25813469648508214
17 26 0.06647063352089774
17 47 0.12707291829765943
17 50 0.2581346964850821
17 31 0.17123556137867685
17 35 0.2959510801086866
17 28 0
17 38 0.42833079944622415
41 43 0.17650671939300416
41 7 0
41 14 0
41 24 0
41 45 0.15724376286008224
41 9 0
41 33 0
41 40 0.16415573559670782
41 13 0
41 18 0
41 34 0
41 0 0
41 23 0
41 36 0
41 2 0
41 1 0
41 32 0
41 5 0
41 37 0
41 10 0
41 51 0.5447099247685184
41 11 0
41 44 0.17650671939300405
41 39 0.19106577932098773
41 20 0
41 8 0
41 3 0
41 25 0
41 12 0
41 17 0
41 41 0.16666666666666666
41 4 0
41 29 0
41 30 0
41 27 0
41 22 0
41 16 0
41 21 0
41 6 0
41 19 0
41 48 0.3181504790380658
41 15 0
41 49 0.7735779160236582
41 26 0
41 47 0.3720261059670788
41 50 0.7735779160236582
41 31 0
41 35 0
41 28 0
41 38 0
4 43 0.06476725338829367
4 7 0.059967923922275214
4 14 0
4 24 0
4 45 0.052412616456251546
4 9 0.03595299785689628
4 33 0.1299251421963475
4 40 0.06094203473676618
4 13 0
4 18 0
4 34 0.18054246308637095
4 0 0
4 23 0
4 36 0.290889285054629
4 2 0
4 1 0
4 32 0.1247463133043805
4 5 0.047434087162932334
4 37 0.23622576753260388
4 10 0.03992566351580228
4 51 0.19127726743560278
4 11 0.0399256635158023
4 44 0.06476725338829367
4 39 0.06979211522824168
4 20 0
4 8 0.03310202635937763
4 3 0
4 25 0
4 12 0
4 17 0
4 41 0.06313208102907632
4 4 0.16666666666666666
4 29 0.061255070092469284
4 30 0.1056729635225346
4 27 0.04963545041595962
4 22 0
4 16 0
4 21 0
4 6 0.05996792392227523
4 19 0
4 48 0.11175908187107808
4 15 0
4 49 0.2718553341816788
4 26 0.049635450415959584
4 47 0.13330690389673666
4 50 0.2718553341816788
4 31 0.16744077818960554
4 35 0.2908892850546291
4 28 0.016551013179688816
4 38 0.4167682306185494
29 43 0
29 7 0
29 14 0
29 24 0
29 45 0
29 9 0
29 33 0.19096647455278407
29 40 0
29 13 0
29 18 0
29 34 0.2545519836020826
29 0 0
29 23 0
29 36 0.4598813919858065
29 2 0
29 1 0
29 32 0.21556167065591644
29 5 0
29 37 0.37571155622742913
29 10 0
29 51 0
29 11 0
29 44 0
29 39 0
29 20 0
29 8 0
29 3 0
29 25 0
29 12 0
29 17 0
29 41 0
29 4 0
29 29 0.14285714285714285
29 30 0.17639971497858375
29 27 0
29 22 0
29 16 0
29 21 0
29 6 0
29 19 0
29 48 0
29 15 0
29 49 0
29 26 0
29 47 0
29 50 0
29 31 0.2588636673805323
29 35 0.4598813919858064
29 28 0
29 38 0.6302635398295136
30 43 0
30 7 0
30 14 0
30 24 0
30 45 0
30 9 0
30 33 0.2133024691358022
30 40 0
30 13 0
30 18 0
30 34 0.3121141975308637
30 0 0
30 23 0
30 36 0.43059027777777714
30 2 0
30 1 0
30 32 0.15800154320987647
30 5 0
30 37 0.3464043209876536
30 10 0
30 51 0
30 11 0
30 44 0
30 39 0
30 20 0
30 8 0
30 3 0
30 25 0
30 12 0
30 17 0
30 41 0
30 4 0
30 29 0.023809523809523808
30 30 0.14285714285714285
30 27 0
30 22 0
30 16 0
30 21 0
30 6 0
30 19 0
30 48 0
30 15 0
30 49 0
30 26 0
30 47 0
30 50 0
30 31 0.25635802469135777
30 35 0.4305902777777771
30 28 0
30 38 0.658518518518517
27 43 0.06361680812757202
27 7 0
27 14 0
27 24 0
27 45 0.04802280643738976
27 9 0
27 33 0.13475631456286194
27 40 0.057735416666666636
27 13 0
27 18 0
27 34 0.18888872704431553
27 0 0
27 23 0
27 36 0.29682388992119446
27 2 0
27 1 0
27 32 0.12452107128859752
27 5 0
27 37 0.24070529240502778
27 10 0
27 51 0.1824864702748395
27 11 0
27 44 0.063616808127572
27 39 0.06666666666666667
27 20 0
27 8 0
27 3 0
27 25 0
27 12 0
27 17 0
27 41 0.06114809303350968
27 4 0
27 29 0.05555555555555555
27 30 0.10641895261190877
27 27 0.3333333333333333
27 22 0
27 16 0
27 21 0
27 6 0
27 19 0
27 48 0.106417169128454
27 15 0
27 49 0.2588959793871268
27 26 0
27 47 0.1274476778365671
27 50 0.2588959793871268
27 31 0.17174056402396304
27 35 0.2968238899211946
27 28 0
27 38 0.4295940194493432
22 43 0.06301496257512816
22 7 0
22 14 0
22 24 0
22 45 0.04756848762888582
22 9 0
22 33 0.1334814551198483
22 40 0.057189211901582854
22 13 0
22 18 0.06449868862153918
22 34 0.18710174898590717
22 0 0
22 23 0.029170863252708498
22 36 0.2940157933938221
22 2 0
22 1 0
22 32 0.123343042161764
22 5 0
22 37 0.2384281047568364
22 10 0
22 51 0.18076006063954633
22 11 0
22 44 0.06301496257512808
22 39 0.06603596798801922
22 20 0.03976617745863789
22 8 0
22 3 0
22 25 0
22 12 0
22 17 0.062380536834075316
22 41 0.060569602711278266
22 4 0
22 29 0.05502997332334849
22 30 0.10541217822002277
22 27 0.06603596798801847
22 22 0.1
22 16 0.062380536834075254
22 21 0.0291708632527085
22 6 0
22 19 0.06449868862153918
22 48 0.10541041160921205
22 15 0
22 49 0.2564466991049845
22 26 0.06603596798801852
22 47 0.1262419616061759
22 50 0.2564466991049846
22 31 0.1701158158219828
22 35 0.2940157933938221
22 28 0
22 38 0.4255298537423446
16 43 0.06342974308223034
16 7 0
16 14 0
16 24 0
16 45 0.047881595510151295
16 9 0
16 33 0.13436006399904774
16 40 0.05756564583637111
16 13 0
16 18 0.08881990336858328
16 34 0.18833330027404835
16 0 0
16 23 0.04937678029030529
16 36 0.29595108010860105
16 2 0
16 1 0
16 32 0.12415491742880465
16 5 0
16 37 0.23999749917048363
16 10 0
16 51 0.18194986932094018
16 11 0
16 44 0.06342974308223025
16 39 0.06647063352089876
16 20 0.05128155969177789
16 8 0
16 3 0
16 25 0
16 12 0
16 17 0.06546587616528088
16 41 0.06096828723793221
16 4 0
16 29 0.05539219460074963
16 30 0.10610602798111757
16 27 0.06647063352089785
16 22 0.049376780290305324
16 16 0.16666666666666666
16 21 0.04937678029030543
16 6 0
16 19 0.08881990336858343
16 48 0.10610424974164043
16 15 0
16 49 0.25813469648540455
16 26 0.06647063352089785
16 47 0.12707291829764467
16 50 0.2581346964854046
16 31 0.17123556137862697
16 35 0.29595108010860094
16 28 0
16 38 0.4283307994461145
21 43 0.06301496257514132
21 7 0
21 14 0
21 24 0
21 45 0.04756848762888196
21 9 0
21 33 0.1334814551198133
21 40 0.05718921190158845
21 13 0
21 18 0.0644986886215391
21 34 0.1871017489858125
21 0 0
21 23 0.029170863252708488
21 36 0.29401579339355777
21 2 0
21 1 0
21 32 0.12334304216175936
21 5 0
21 37 0.2384281047569006
21 10 0
21 51 0.18076006063913255
21 11 0
21 44 0.06301496257514129
21 39 0.06603596798801806
21 20 0.03976617745863784
21 8 0
21 3 0
21 25 0
21 12 0
21 17 0.06238053683407529
21 41 0.060569602711288716
21 4 0
21 29 0.055029973323348816
21 30 0.1054121782199621
21 27 0.06603596798801821
21 22 0.02917086325270852
21 16 0.062380536834075156
21 21 0.1
21 6 0
21 19 0.06449868862153911
21 48 0.10541041160920119
21 15 0
21 49 0.2564466991042321
21 26 0.0660359679880182
21 47 0.12624196160613452
21 50 0.2564466991042322
21 31 0.17011581582207713
21 35 0.2940157933935578
21 28 0
21 38 0.4255298537423962
6 43 0.06025325871858703
6 7 0.03976177601716937
6 14 0
6 24 0
6 45 0.048859114674407914
6 9 0.032660664404940365
6 33 0.13398613728055395
6 40 0.05678141437643947
6 13 0
6 18 0
6 34 0.18541195221089804
6 0 0
6 23 0
6 36 0.30229431933498685
6 2 0
6 1 0
6 32 0.130949756881107
6 5 0.06064236633866367
6 37 0.24564859585081572
6 10 0.03624447469014717
6 51 0.17809879987786162
6 11 0.03624447469014715
6 44 0.060253258718587055
6 39 0.0649987990389079
6 20 0
6 8 0.032268131371447344
6 3 0
6 25 0
6 12 0
6 17 0
6 41 0.05877827078869128
6 4 0.06064236633866362
6 29 0.0669490238065219
6 30 0.1104840989034039
6 27 0.04580591505222741
6 22 0
6 16 0
6 21 0
6 6 0.14285714285714285
6 19 0
6 48 0.10406741626509032
6 15 0
6 49 0.2531446932510841
6 26 0.045805915052227426
6 47 0.12413022423475054
6 50 0.2531446932510841
6 31 0.173587028996102
6 35 0.3022943193349869
6 28 0.016134065685723672
6 38 0.4310605480637751
19 43 0.06342776874792254
19 7 0
19 14 0
19 24 0
19 45 0.0478801051324358
19 9 0
19 33 0.13435588186515987
19 40 0.057563854029823565
19 13 0
19 18 0.06671491165910823
19 34 0.18832743815218125
19 0 0
19 23 0.04810389896699418
19 36 0.29594186824191615
19 2 0
19 1 0
19 32 0.12415105294333861
19 5 0
19 37 0.23999002893252386
19 10 0
19 51 0.181944205891206
19 11 0
19 44 0.0634277687479225
19 39 0.06646856453486823
19 20 0.05509399670361969
19 8 0
19 3 0
19 25 0
19 12 0
19 17 0.08141869672251621
19 41 0.060966389519666715
19 4 0
19 29 0.055390470445724524
19 30 0.10610272529123733
19 27 0.06646856453486741
19 22 0.0481038989669942
19 16 0.08141869672251625
19 21 0.048103898966994255
19 6 0
19 19 0.16666666666666666
19 48 0.10610094710711976
19 15 0
19 49 0.2581266617028539
19 26 0.06646856453486741
19 47 0.127068962985476
19 50 0.25812666170285387
19 31 0.17123023144632724
19 35 0.295941868241916
19 28 0
19 38 0.42831746708745305
48 43 0.32443576388888895
48 7 0
48 14 0
48 24 0
48 45 0.10381944444444444
48 9 0
48 33 0
48 40 0.2033130787037034
48 13 0
48 18 0
48 34 0
48 0 0
48 23 0
48 36 0
48 2 0
48 1 0
48 32 0
48 5 0
48 37 0
48 10 0
48 51 0.5541666666666666
48 11 0
48 44 0.32443576388888884
48 39 0.2465711805555552
48 20 0
48 8 0
48 3 0
48 25 0
48 12 0
48 17 0
48 41 0.21629050925925908
48 4 0
48 29 0
48 30 0
48 27 0
48 22 0
48 16 0
48 21 0
48 6 0
48 19 0
48 48 0.25
48 15 0
48 49 0.6256944444444444
48 26 0
48 47 0.4444444444444445
48 50 0.6256944444444443
48 31 0
48 35 0
48 28 0
48 38 0
15 43 0.06323124098214125
15 7 0
15 14 0.016666666666666666
15 24 0
15 45 0.04773175102392229
15 9 0
15 33 0.13393958689852023
15 40 0.05738549531033978
15 13 0.050595238095238096
15 18 0.07718046488249858
15 34 0.18774391502757615
15 0 0
15 23 0.0510057394272366
15 36 0.29502490720797264
15 2 0
15 1 0
15 32 0.12376637712624569
15 5 0
15 37 0.2392464318609989
15 10 0
15 51 0.18138046087816018
15 11 0
15 44 0.06323124098214128
15 39 0.06626261501586525
15 20 0.04577062676591854
15 8 0
15 3 0
15 25 0
15 12 0.050595238095238096
15 17 0.09037381272320708
15 41 0.06077748821437376
15 4 0
15 29 0.055218845846575215
15 30 0.10577397131273922
15 27 0.06626261501587379
15 22 0.05100573942723665
15 16 0.09037381272320744
15 21 0.05100573942723648
15 6 0
15 19 0.0771804648824986
15 48 0.10577219863527
15 15 0.14285714285714285
15 49 0.25732686914387215
15 26 0.06626261501587377
15 47 0.1266752461673365
15 50 0.2573268691438722
15 31 0.17069968315880424
15 35 0.29502490720797264
15 28 0
15 38 0.42699034692950505
49 43 0.18475115740740725
49 7 0
49 14 0
49 24 0
49 45 0.0798611111111111
49 9 0
49 33 0
49 40 0.11791087962962969
49 13 0
49 18 0
49 34 0
49 0 0
49 23 0
49 36 0
49 2 0
49 1 0
49 32 0
49 5 0
49 37 0
49 10 0
49 51 0.5850694444444454
49 11 0
49 44 0.18475115740740725
49 39 0.14038387345678996
49 20 0
49 8 0
49 3 0
49 25 0
49 12 0
49 17 0
49 41 0.12721836419753077
49 4 0
49 29 0
49 30 0
49 27 0
49 22 0
49 16 0
49 21 0
49 6 0
49 19 0
49 48 0.6576967592592591
49 15 0
49 49 0.5
49 26 0
49 47 0.38888888888888884
49 50 0.9450231481481484
49 31 0
49 35 0
49 28 0
49 38 0
26 43 0.06361680812757202
26 7 0
26 14 0
26 24 0
26 45 0.04802280643738976
26 9 0
26 33 0.1347563145628621
26 40 0.057735416666666636
26 13 0
26 18 0
26 34 0.18888872704431534
26 0 0
26 23 0
26 36 0.2968238899211943
26 2 0
26 1 0
26 32 0.1245210712885976
26 5 0
26 37 0.24070529240502742
26 10 0
26 51 0.1824864702748395
26 11 0
26 44 0.063616808127572
26 39 0.06666666666666667
26 20 0
26 8 0
26 3 0
26 25 0
26 12 0
26 17 0
26 41 0.06114809303350968
26 4 0
26 29 0.05555555555555555
26 30 0.10641895261190884
26 27 0
26 22 0
26 16 0
26 21 0
26 6 0
26 19 0
26 48 0.106417169128454
26 15 0
26 49 0.2588959793871268
26 26 0.3333333333333333
26 47 0.1274476778365671
26 50 0.2588959793871268
26 31 0.17174056402396334
26 35 0.29682388992119424
26 28 0
26 38 0.4295940194493429
47 43 0.059722222222222225
47 7 0
47 14 0
47 24 0
47 45 0.03333333333333333
47 9 0
47 33 0
47 40 0.038888888888888876
47 13 0
47 18 0
47 34 0
47 0 0
47 23 0
47 36 0
47 2 0
47 1 0
47 32 0
47 5 0
47 37 0
47 10 0
47 51 0.571759259259259
47 11 0
47 44 0.059722222222222246
47 39 0.04537037037037037
47 20 0
47 8 0
47 3 0
47 25 0
47 12 0
47 17 0
47 41 0.04259259259259259
47 4 0
47 29 0
47 30 0
47 27 0
47 22 0
47 16 0
47 21 0
47 6 0
47 19 0
47 48 0.35648148148148107
47 15 0
47 49 0.8106481481481503
47 26 0
47 47 0.2
47 50 0.8106481481481503
47 31 0
47 35 0
47 28 0
47 38 0
50 43 0.18475115740740725
50 7 0
50 14 0
50 24 0
50 45 0.0798611111111111
50 9 0
50 33 0
50 40 0.11791087962962969
50 13 0
50 18 0
50 34 0
50 0 0
50 23 0
50 36 0
50 2 0
50 1 0
50 32 0
50 5 0
50 37 0
50 10 0
50 51 0.5850694444444454
50 11 0
50 44 0.18475115740740725
50 39 0.14038387345678996
50 20 0
50 8 0
50 3 0
50 25 0
50 12 0
50 17 0
50 41 0.12721836419753077
50 4 0
50 29 0
50 30 0
50 27 0
50 22 0
50 16 0
50 21 0
50 6 0
50 19 0
50 48 0.6576967592592591
50 15 0
50 49 0.9450231481481484
50 26 0
50 47 0.38888888888888884
50 50 0.5
50 31 0
50 35 0
50 28 0
50 38 0
31 43 0
31 7 0
31 14 0
31 24 0
31 45 0
31 9 0
31 33 0.22927469135802464
31 40 0
31 13 0
31 18 0
31 34 0.2522659465020576
31 0 0
31 23 0
31 36 0.5020434670781893
31 2 0
31 1 0
31 32 0.21077160493827163
31 5 0
31 37 0.39394032921810684
31 10 0
31 51 0
31 11 0
31 44 0
31 39 0
31 20 0
31 8 0
31 3 0
31 25 0
31 12 0
31 17 0
31 41 0
31 4 0
31 29 0.045177469135802464
31 30 0.12154063786008229
31 27 0
31 22 0
31 16 0
31 21 0
31 6 0
31 19 0
31 48 0
31 15 0
31 49 0
31 26 0
31 47 0
31 50 0
31 31 0.3333333333333333
31 35 0.5020434670781894
31 28 0
31 38 0.6462062757201651
35 43 0
35 7 0
35 14 0
35 24 0
35 45 0
35 9 0
35 33 0.18355902777777772
35 40 0
35 13 0
35 18 0
35 34 0.2724344135802469
35 0 0
35 23 0
35 36 0.5070183899176951
35 2 0
35 1 0
35 32 0.2735506687242798
35 5 0
35 37 0.38194444444444425
35 10 0
35 51 0
35 11 0
35 44 0
35 39 0
35 20 0
35 8 0
35 3 0
35 25 0
35 12 0
35 17 0
35 41 0
35 4 0
35 29 0.06374356995884772
35 30 0.1261612654320987
35 27 0
35 22 0
35 16 0
35 21 0
35 6 0
35 19 0
35 48 0
35 15 0
35 49 0
35 26 0
35 47 0
35 50 0
35 31 0.252329603909465
35 35 0.3333333333333333
35 28 0
35 38 0.6543788580246913
28 43 0
28 7 0
28 14 0
28 24 0
28 45 0
28 9 0
28 33 0.20213447184429287
28 40 0
28 13 0
28 18 0
28 34 0.28333309056647427
28 0 0
28 23 0
28 36 0.4452358348817925
28 2 0
28 1 0
28 32 0.18678160693289633
28 5 0
28 37 0.3610579386075421
28 10 0
28 51 0
28 11 0
28 44 0
28 39 0
28 20 0
28 8 0
28 3 0
28 25 0
28 12 0
28 17 0
28 41 0
28 4 0
28 29 0.08333333333333333
28 30 0.1596284289178636
28 27 0
28 22 0
28 16 0
28 21 0
28 6 0
28 19 0
28 48 0
28 15 0
28 49 0
28 26 0
28 47 0
28 50 0
28 31 0.2576108460359451
28 35 0.4452358348817924
28 28 0.5
28 38 0.644391029174018
38 43 0
38 7 0
38 14 0
38 24 0
38 45 0
38 9 0
38 33 0
38 40 0
38 13 0
38 18 0
38 34 0
38 0 0
38 23 0
38 36 0
38 2 0
38 1 0
38 32 0
38 5 0
38 37 0
38 10 0
38 51 0
38 11 0
38 44 0
38 39 0
38 20 0
38 8 0
38 3 0
38 25 0
38 12 0
38 17 0
38 41 0
38 4 0
38 29 0
38 30 0
38 27 0
38 22 0
38 16 0
38 21 0
38 6 0
38 19 0
38 48 0
38 15 0
38 49 0
38 26 0
38 47 0
38 50 0
38 31 0
38 35 0
38 28 0
38 38 1
