43 43 4.5287803994384315e-05
43 7 0
43 14 0
43 24 0
43 45 5.1322780782043255e-05
43 9 0
43 33 0
43 40 0.00868192801443935
43 13 0
43 18 0
43 34 0
43 0 0
43 23 0
43 36 0
43 2 0
43 1 0
43 32 0
43 5 0
43 37 0
43 10 0
43 51 0.6829746905417021
43 11 0
43 44 0.0002797639309496888
43 39 0.014613038241993751
43 20 0
43 8 0
43 3 0
43 25 0
43 12 0
43 17 0
43 41 0.00010872770177392552
43 4 0
43 29 0
43 30 0
43 27 0
43 22 0
43 16 0
43 21 0
43 6 0
43 19 0
43 48 1.8900731147395054e-05
43 15 0
43 49 0.10762263264057054
43 26 0
43 47 0.06309548596885728
43 50 0.122686090324881
43 31 0
43 35 0
43 28 0
43 38 0
7 43 1.5765560186776912e-05
7 7 3.0984309545646086e-06
7 14 0
7 24 0
7 45 1.6887623588842536e-06
7 9 1.5863142455626739e-06
7 33 0.028641153418942102
7 40 2.488204707551731e-05
7 13 0
7 18 0
7 34 0.05780102602651097
7 0 0
7 23 0
7 36 0.05504608981256409
7 2 0
7 1 0
7 32 8.87608733393323e-05
7 5 0.0006627111638412269
7 37 0.7449207421965071
7 10 1.5979598860478728e-06
7 51 0.03096262220248912
7 11 1.609622417438474e-06
7 44 1.5977819629105248e-05
7 39 4.858306656757779e-05
7 20 0
7 8 1.4402830899045608e-06
7 3 0
7 25 0
7 12 0
7 17 0
7 41 8.1369614083031e-06
7 4 0.0006612198656871962
7 29 8.58850976383812e-07
7 30 1.1413574325413967e-06
7 27 5.186175719335462e-07
7 22 0
7 16 0
7 21 0
7 6 3.6451347682932894e-06
7 19 0
7 48 8.511421769049094e-07
7 15 0
7 49 0.004872900964202338
7 26 1.2004065600970567e-06
7 47 0.0028367350547941384
7 50 0.005551264194293704
7 31 0.00043324035285197295
7 35 0.04903404104793458
7 28 3.2231723382208726e-07
7 38 0.018381609754509507
14 43 2.0454780000344805e-05
14 7 0
14 14 9.033994922894853e-06
14 24 0
14 45 1.9011749539679755e-06
14 9 0
14 33 0.02854396843060627
14 40 9.774770400125758e-06
14 13 1.4581582907310855e-06
14 18 3.0446756863300944e-05
14 34 0.057599091151609966
14 0 0
14 23 4.703867075358848e-06
14 36 0.054854163549662605
14 2 0
14 1 0
14 32 8.780140132358617e-05
14 5 0
14 37 0.7423163713778657
14 10 0
14 51 0.03412317050973584
14 11 0
14 44 2.072504409563331e-05
14 39 1.121199376971862e-06
14 20 3.7412672780272776e-06
14 8 0
14 3 0
14 25 0
14 12 1.3642465538283872e-06
14 17 8.495921214908692e-05
14 41 1.081004383685167e-05
14 4 0
14 29 8.53937159572697e-07
14 30 1.1321589588613147e-06
14 27 3.6548336810307025e-07
14 22 4.734036465692501e-06
14 16 8.206247312634816e-05
14 21 4.747220921001187e-06
14 6 0
14 19 2.9884656725774968e-05
14 48 9.3803234701239e-07
14 15 1.5221367874717547e-06
14 49 0.005370355018121192
14 26 6.817566218269471e-07
14 47 0.0031266306759706267
14 50 0.006118035544778174
14 31 0.00042859025078327665
14 35 0.04886307534317444
14 28 0
14 38 0.018317347845373824
24 43 5.1078919641568145e-06
24 7 0
24 14 0
24 24 1.1225360334066723e-05
24 45 4.747543737814485e-07
24 9 0
24 33 0.029645273260335853
24 40 2.440919490612665e-06
24 13 0
24 18 0
24 34 0.05982677838747392
24 0 0
24 23 0
24 36 0.05697533443851404
24 2 0
24 1 0
24 32 9.179639745886737e-05
24 5 0
24 37 0.7710277566518857
24 10 0
24 51 0.008521111868499454
24 11 0
24 44 5.175381313848755e-06
24 39 2.799817591472577e-07
24 20 0
24 8 0
24 3 0
24 25 0
24 12 0
24 17 0
24 41 2.6994441419822993e-06
24 4 0
24 29 8.887293249862991e-07
24 30 1.1807545043013918e-06
24 27 2.1236188896431603e-06
24 22 0
24 16 0
24 21 0
24 6 0
24 19 0
24 48 2.3424196635643207e-07
24 15 0
24 49 0.0013410651831480417
24 26 1.2220573470737665e-05
24 47 0.0007807706420637363
24 50 0.0015277731972290405
24 31 0.0004480605288170476
24 35 0.05075257640674595
24 28 2.6702233802502245e-06
24 38 0.01902582492393072
45 43 3.4325327522452357e-05
45 7 0
45 14 0
45 24 0
45 45 2.298058140870964e-05
45 9 0
45 33 0
45 40 0.0018190660726216034
45 13 0
45 18 0
45 34 0
45 0 0
45 23 0
45 36 0
45 2 0
45 1 0
45 32 0
45 5 0
45 37 0
45 10 0
45 51 0.6966070974910299
45 11 0
45 44 3.344663215590605e-05
45 39 0.0016573791520456092
45 20 0
45 8 0
45 3 0
45 25 0
45 12 0
45 17 0
45 41 6.710452398791917e-06
45 4 0
45 29 0
45 30 0
45 27 0
45 22 0
45 16 0
45 21 0
45 6 0
45 19 0
45 48 1.9146716086763124e-05
45 15 0
45 49 0.10980165446487837
45 26 0
45 47 0.06492691955178273
45 50 0.1252231094522714
45 31 0
45 35 0
45 28 0
45 38 0
9 43 1.601277006365872e-05
9 7 1.7292461903662858e-06
9 14 0
9 24 0
9 45 1.6967970170662755e-06
9 9 4.609293257064894e-06
9 33 0.02849093053817477
9 40 3.044926588104054e-05
9 13 0
9 18 0
9 34 0.0574971342315903
9 0 0
9 23 0
9 36 0.05475673020633847
9 2 0
9 1 0
9 32 8.821306423403521e-05
9 5 0.002762186300311083
9 37 0.7410040466038202
9 10 5.873227989128294e-07
9 51 0.03156682837512608
9 11 5.907070344564101e-07
9 44 1.6226530070246214e-05
9 39 4.5375331502349136e-05
9 20 0
9 8 5.621893518345767e-07
9 3 0
9 25 0
9 12 0
9 17 0
9 41 8.19178551697431e-06
9 4 0.002712441518923267
9 29 8.540964407464011e-07
9 30 1.1347055340924042e-06
9 27 5.041209956039129e-07
9 22 0
9 16 0
9 21 0
9 6 1.635734381359038e-06
9 19 0
9 48 8.678197149727752e-07
9 15 0
9 49 0.004968009201869089
9 26 1.172932431586726e-06
9 47 0.0028921766728671966
9 50 0.005659559966236274
9 31 0.00043057063739670217
9 35 0.048776284684244026
9 28 1.2581090345201498e-07
9 38 0.018284962080899334
33 43 0
33 7 0
33 14 0
33 24 0
33 45 0
33 9 0
33 33 0.03049134840850935
33 40 0
33 13 0
33 18 0
33 34 0.06000565350234397
33 0 0
33 23 0
33 36 0.053169755785267635
33 2 0
33 1 0
33 32 1.803505617979465e-05
33 5 0
33 37 0.7892314788982475
33 10 0
33 51 0
33 11 0
33 44 0
33 39 0
33 20 0
33 8 0
33 3 0
33 25 0
33 12 0
33 17 0
33 41 0
33 4 0
33 29 1.5880690912924128e-07
33 30 4.152652601296533e-08
33 27 0
33 22 0
33 16 0
33 21 0
33 6 0
33 19 0
33 48 0
33 15 0
33 49 0
33 26 0
33 47 0
33 50 0
33 31 0.0007610785097744374
33 35 0.04687641660131222
33 28 0
33 38 0.019446875835292397
40 43 0.0001004362963413126
40 7 0
40 14 0
40 24 0
40 45 4.4728443651552096e-05
40 9 0
40 33 0
40 40 2.2979525243008478e-05
40 13 0
40 18 0
40 34 0
40 0 0
40 23 0
40 36 0
40 2 0
40 1 0
40 32 0
40 5 0
40 37 0
40 10 0
40 51 0.6947795211380187
40 11 0
40 44 0.00010301947691597214
40 39 0.0075772507365745425
40 20 0
40 8 0
40 3 0
40 25 0
40 12 0
40 17 0
40 41 5.948770878575409e-05
40 4 0
40 29 0
40 30 0
40 27 0
40 22 0
40 16 0
40 21 0
40 6 0
40 19 0
40 48 1.9069579563404243e-05
40 15 0
40 49 0.10933262434367651
40 26 0
40 47 0.06358842794255547
40 50 0.12456906980336702
40 31 0
40 35 0
40 28 0
40 38 0
13 43 2.045427447352822e-05
13 7 0
13 14 4.603619160715762e-06
13 24 0
13 45 1.9011279676245094e-06
13 9 0
13 33 0.028544270431934908
13 40 9.774528822956421e-06
13 13 4.5033685196527005e-06
13 18 3.0258090137783187e-05
13 34 0.05759969636852644
13 0 0
13 23 4.700158438763302e-06
13 36 0.05485474020541549
13 2 0
13 1 0
13 32 8.780185443031966e-05
13 5 0
13 37 0.7423241699285813
13 10 0
13 51 0.03412232719443733
13 11 0
13 44 2.072453188938749e-05
13 39 1.1211716672130315e-06
13 20 3.7591293076170604e-06
13 8 0
13 3 0
13 25 0
13 12 3.5239121633755977e-06
13 17 8.064913072454488e-05
13 41 1.0809776673553289e-05
13 4 0
13 29 8.539447489483084e-07
13 30 1.1321670876693151e-06
13 27 3.654639821461481e-07
13 22 4.726596177850493e-06
13 16 7.810428435812854e-05
13 21 4.742526299957111e-06
13 6 0
13 19 2.968731658749405e-05
13 48 9.3800916419672e-07
13 15 4.6188199546041605e-06
13 49 0.005370222296995514
13 26 6.817574881624311e-07
13 47 0.0031265534040592104
13 50 0.0061178843450144784
13 31 0.00042859248663059784
13 35 0.04886358901938394
13 28 0
13 38 0.018317540288149067
18 43 2.0434014748682156e-05
18 7 0
18 14 0
18 24 0
18 45 1.8992449221570474e-06
18 9 0
18 33 0.02854778765928011
18 40 9.764847264102036e-06
18 13 0
18 18 9.001386213476875e-06
18 34 0.057606663589237724
18 0 0
18 23 4.550404585702858e-06
18 36 0.054861384015953446
18 2 0
18 1 0
18 32 8.779790523199402e-05
18 5 0
18 37 0.7424139184320232
18 10 0
18 51 0.034088529439919024
18 11 0
18 44 2.0704004477647078e-05
18 39 1.1200611594614209e-06
18 20 4.326633820598879e-06
18 8 0
18 3 0
18 25 0
18 12 0
18 17 5.987219743073898e-05
18 41 1.0799069713608322e-05
18 4 0
18 29 8.54005113368144e-07
18 30 1.1321871175040353e-06
18 27 3.647975129420137e-07
18 22 4.555237199073013e-06
18 16 5.9572437401171345e-05
18 21 4.556775239395601e-06
18 6 0
18 19 1.987016752763247e-05
18 48 9.370800770407046e-07
18 15 0
18 49 0.005364903158422262
18 26 6.81618570708611e-07
18 47 0.003123456589767877
18 50 0.006111824655627022
18 31 0.0004285739565223917
18 35 0.04886950717353192
18 28 0
18 38 0.01831975499630402
34 43 0
34 7 0
34 14 0
34 24 0
34 45 0
34 9 0
34 33 0.026369277551418747
34 40 0
34 13 0
34 18 0
34 34 0.06653897017730569
34 0 0
34 23 0
34 36 0.06646923568417126
34 2 0
34 1 0
34 32 0.0005126571567186637
34 5 0
34 37 0.7529094720889952
34 10 0
34 51 0
34 11 0
34 44 0
34 39 0
34 20 0
34 8 0
34 3 0
34 25 0
34 12 0
34 17 0
34 41 0
34 4 0
34 29 6.548537776507479e-07
34 30 6.283743841691128e-08
34 27 0
34 22 0
34 16 0
34 21 0
34 6 0
34 19 0
34 48 0
34 15 0
34 49 0
34 26 0
34 47 0
34 50 0
34 31 0.007625833260774188
34 35 0.06081200642644689
34 28 0
34 38 0.01876393877467975
0 43 1.5664211013259425e-05
0 7 3.2434694245292702e-06
0 14 0
0 24 0
0 45 1.6562620742542136e-06
0 9 1.6392425906880769e-06
0 33 0.028671888075029447
0 40 2.34994578485264e-05
0 13 0
0 18 0
0 34 0.057862895646720744
0 0 1.5434718856596027e-06
0 23 0
0 36 0.05510502091369534
0 2 1.5980340244940794e-06
0 1 1.2487481881123453e-06
0 32 8.883839469285199e-05
0 5 0.0006051655815252644
0 37 0.7457180463676607
0 10 1.8734253829327145e-06
0 51 0.030346838258350828
0 11 1.8684795297186742e-06
0 44 1.5874618992555696e-05
0 39 4.364602439966716e-05
0 20 0
0 8 1.237335678930364e-06
0 3 1.578955739482615e-06
0 25 0
0 12 0
0 17 0
0 41 8.097376859583877e-06
0 4 0.0005848869365434829
0 29 8.597187570008275e-07
0 30 1.1424387999397349e-06
0 27 5.239007688459795e-07
0 22 0
0 16 0
0 21 0
0 6 3.042925808069215e-06
0 19 0
0 48 8.342200290194806e-07
0 15 0
0 49 0.0047759933523529256
0 26 1.2074021774739755e-06
0 47 0.0027803473995128133
0 50 0.005440866934965408
0 31 0.00043361962371524075
0 35 0.049086535748047985
0 28 2.76900156738378e-07
0 38 0.018401284058746026
23 43 2.0672999516120283e-05
23 7 0
23 14 0
23 24 0
23 45 1.9214574247714957e-06
23 9 0
23 33 0.02849292677709691
23 40 9.879051436954691e-06
23 13 0
23 18 5.544899532049582e-05
23 34 0.057496716768901085
23 0 0
23 23 1.358400347750489e-05
23 36 0.05475662669708337
23 2 0
23 1 0
23 32 8.7715042396647e-05
23 5 0
23 37 0.7409972112664466
23 10 0
23 51 0.03448720974712159
23 11 0
23 44 2.0946146893416368e-05
23 39 1.1331607661224356e-06
23 20 1.293470317264523e-06
23 8 0
23 3 0
23 25 0
23 12 0
23 17 0.0006513464775740836
23 41 1.0925369571749058e-05
23 4 0
23 29 8.526247563654406e-07
23 30 1.130705987900368e-06
23 27 3.6783961257127995e-07
23 22 1.3625396225385046e-06
23 16 0.0006158176781766721
23 21 1.354857952891549e-06
23 6 0
23 19 5.6068084670347664e-05
23 48 9.480396396632797e-07
23 15 0
23 49 0.0054276480545622134
23 26 6.818608476461118e-07
23 47 0.003159986784925856
23 50 0.006183305126373871
23 31 0.0004281651267340855
23 35 0.04877619146278273
23 28 0
23 38 0.018284795988562013
36 43 0
36 7 0
36 14 0
36 24 0
36 45 0
36 9 0
36 33 0.01738793944672441
36 40 0
36 13 0
36 18 0
36 34 0.032575530776788784
36 0 0
36 23 0
36 36 0.07691515110980157
36 2 0
36 1 0
36 32 0.002229000648863483
36 5 0
36 37 0.7632677736355284
36 10 0
36 51 0
36 11 0
36 44 0
36 39 0
36 20 0
36 8 0
36 3 0
36 25 0
36 12 0
36 17 0
36 41 0
36 4 0
36 29 5.231001554632105e-07
36 30 4.1897120049409695e-08
36 27 0
36 22 0
36 16 0
36 21 0
36 6 0
36 19 0
36 48 0
36 15 0
36 49 0
36 26 0
36 47 0
36 50 0
36 31 0.005412863169680326
36 35 0.08398584385579753
36 28 0
36 38 0.01822638659828968
2 43 1.5664298981853124e-05
2 7 3.243383739194881e-06
2 14 0
2 24 0
2 45 1.6562818658230906e-06
2 9 1.6395216244840347e-06
2 33 0.028671875418434037
2 40 2.3500816954882272e-05
2 13 0
2 18 0
2 34 0.057862870097677634
2 0 5.503813544479054e-07
2 23 0
2 36 0.05510499657549046
2 2 3.063800583347631e-06
2 1 6.250239289708482e-07
2 32 8.883835568510003e-05
2 5 0.0006052918869485095
2 37 0.7457177168822515
2 10 1.873440741725993e-06
2 51 0.030347258994791654
2 11 1.8679632233068233e-06
2 44 1.5874708234618637e-05
2 39 4.364850810790649e-05
2 20 0
2 8 1.2373614448040817e-06
2 3 6.511880897487565e-07
2 25 0
2 12 0
2 17 0
2 41 8.097407635236694e-06
2 4 0.0005845770598135459
2 29 8.597183782730363e-07
2 30 1.1424382973690323e-06
2 27 5.238964973696862e-07
2 22 0
2 16 0
2 21 0
2 6 3.0429693886015275e-06
2 19 0
2 48 8.342315990699734e-07
2 15 0
2 49 0.0047760595618093135
2 26 1.2073967012704958e-06
2 47 0.002780385938920985
2 50 0.005440942356803992
2 31 0.000433619433323984
2 35 0.049086514064081495
2 28 2.7690592281672763e-07
2 38 0.018401275923656212
1 43 1.566435074602094e-05
1 7 3.244235873031242e-06
1 14 0
1 24 0
1 45 1.656313352292358e-06
1 9 1.6386816297661805e-06
1 33 0.02867192188367946
1 40 2.3500738600994302e-05
1 13 0
1 18 0
1 34 0.05786296425706832
1 0 1.27116633361138e-06
1 23 0
1 36 0.05510508622728667
1 2 1.5886835834229697e-06
1 1 1.5433646893592722e-06
1 32 8.883854287897832e-05
1 5 0.0006038990714362414
1 37 0.7457189307106689
1 10 1.8732006599330797e-06
1 51 0.030347736307681235
1 11 1.8682094444802392e-06
1 44 1.5874761648599534e-05
1 39 4.3654217976867024e-05
1 20 0
1 8 1.23779058385809e-06
1 3 1.583151994810848e-06
1 25 0
1 12 0
1 17 0
1 41 8.09744095443407e-06
1 4 0.0005837281746264435
1 29 8.597199026989876e-07
1 30 1.142440498405995e-06
1 27 5.238956876185568e-07
1 22 0
1 16 0
1 21 0
1 6 3.0436206743277926e-06
1 19 0
1 48 8.342446967495358e-07
1 15 0
1 49 0.004776134676577582
1 26 1.207397626833833e-06
1 47 0.0027804296184371128
1 50 0.005441027940397789
1 31 0.00043362034482359547
1 35 0.04908659392824264
1 28 2.7700195873757407e-07
1 38 0.0184013058760599
32 43 0
32 7 0
32 14 0
32 24 0
32 45 0
32 9 0
32 33 0.02671393299426847
32 40 0
32 13 0
32 18 0
32 34 0.05639478686177067
32 0 0
32 23 0
32 36 0.06338837925954388
32 2 0
32 1 0
32 32 4.6046875719482436e-05
32 5 0
32 37 0.7724782011117471
32 10 0
32 51 0
32 11 0
32 44 0
32 39 0
32 20 0
32 8 0
32 3 0
32 25 0
32 12 0
32 17 0
32 41 0
32 4 0
32 29 0.00011194302400263725
32 30 5.1187155920481894e-08
32 27 0
32 22 0
32 16 0
32 21 0
32 6 0
32 19 0
32 48 0
32 15 0
32 49 0
32 26 0
32 47 0
32 50 0
32 31 0.004807765145472861
32 35 0.057124984976188044
32 28 0
32 38 0.018980753526296898
5 43 1.5695085804304276e-05
5 7 3.2983288471021848e-06
5 14 0
5 24 0
5 45 1.6643774873976177e-06
5 9 1.6117162989943756e-06
5 33 0.028682875184039554
5 40 2.378470950477387e-05
5 13 0
5 18 0
5 34 0.05788510356726401
5 0 0
5 23 0
5 36 0.05512616805823235
5 2 0
5 1 0
5 32 8.887638061575248e-05
5 5 3.062074371662339e-06
5 37 0.7460042662756263
5 10 1.8193509617304793e-06
5 51 0.03049737956923162
5 11 1.8199310306589157e-06
5 44 1.590602561076575e-05
5 39 4.476870277908774e-05
5 20 0
5 8 1.287333653104459e-06
5 3 0
5 25 0
5 12 0
5 17 0
5 41 8.110957074025577e-06
5 4 0.0006041420612158788
5 29 8.600601791079548e-07
5 30 1.1429084827493493e-06
5 27 5.231711385419751e-07
5 22 0
5 16 0
5 21 0
5 6 3.0891091068445516e-06
5 19 0
5 48 8.383567629248347e-07
5 15 0
5 49 0.004799684473487669
5 26 1.2068135492274874e-06
5 47 0.0027941328573023723
5 50 0.005467856210133418
5 31 0.00043380483467290575
5 35 0.04910537324373201
5 28 2.880890742820608e-07
5 38 0.01840834678605181
37 43 0
37 7 0
37 14 0
37 24 0
37 45 0
37 9 0
37 33 0.007695168670110081
37 40 0
37 13 0
37 18 0
37 34 0.014108533742271551
37 0 0
37 23 0
37 36 0.08094602703990465
37 2 0
37 1 0
37 32 0.0004063461080544984
37 5 0
37 37 0.8103175550921801
37 10 0
37 51 0
37 11 0
37 44 0
37 39 0
37 20 0
37 8 0
37 3 0
37 25 0
37 12 0
37 17 0
37 41 0
37 4 0
37 29 1.730654095554434e-07
37 30 1.653971242371955e-08
37 27 0
37 22 0
37 16 0
37 21 0
37 6 0
37 19 0
37 48 0
37 15 0
37 49 0
37 26 0
37 47 0
37 50 0
37 31 0.0018225176533231003
37 35 0.06582135526178111
37 28 0
37 38 0.018882805313176997
10 43 1.5242496553054304e-05
10 7 2.995516005602096e-06
10 14 0
10 24 0
10 45 1.5616262094812258e-06
10 9 1.0255213262446399e-06
10 33 0.028629463979792026
10 40 1.852840622669552e-05
10 13 0
10 18 0
10 34 0.05777692976228597
10 0 0
10 23 0
10 36 0.05502317547900761
10 2 0
10 1 0
10 32 8.866730058746038e-05
10 5 0.0026838012656288175
10 37 0.7446100319054223
10 10 4.635552836031225e-06
10 51 0.02845108097216339
10 11 9.594286140587435e-07
10 44 1.5446457299777084e-05
10 39 3.178446868197181e-05
10 20 0
10 8 9.349484412885981e-07
10 3 0
10 25 0
10 12 0
10 17 0
10 41 7.929118379523608e-06
10 4 0.002648669351597098
10 29 8.583262587544273e-07
10 30 1.1404276671965252e-06
10 27 5.371467634291747e-07
10 22 0
10 16 0
10 21 0
10 6 2.8201955327696726e-06
10 19 0
10 48 7.821036350998351e-07
10 15 0
10 49 0.004477645739781107
10 26 1.2291098432174245e-06
10 47 0.0026067140013908874
10 50 0.005101001205525517
10 31 0.000432786506228631
10 35 0.0490136292667387
10 28 2.092296976022828e-07
10 38 0.018373942983206198
51 43 0.0017213412198323302
51 7 0
51 14 0
51 24 0
51 45 6.082976401600604e-07
51 9 0
51 33 0
51 40 0.0007758615079862296
51 13 0
51 18 0
51 34 0
51 0 0
51 23 0
51 36 0
51 2 0
51 1 0
51 32 0
51 5 0
51 37 0
51 10 0
51 51 0.735401123698996
51 11 0
51 44 0.0017427244724562186
51 39 0.000732022746890762
51 20 0
51 8 0
51 3 0
51 25 0
51 12 0
51 17 0
51 41 7.813535955143348e-05
51 4 0
51 29 0
51 30 0
51 27 0
51 22 0
51 16 0
51 21 0
51 6 0
51 19 0
51 48 5.0014843838559404e-06
51 15 0
51 49 0.10917947511322657
51 26 0
51 47 0.019301148194370777
51 50 0.13108265425176033
51 31 0
51 35 0
51 28 0
51 38 0
11 43 1.5283228166743948e-05
11 7 2.9826325714858565e-06
11 14 0
11 24 0
11 45 1.56416511760278e-06
11 9 1.0161211815337982e-06
11 33 0.02862459835131568
11 40 1.844989876680058e-05
11 13 0
11 18 0
11 34 0.05776734575680633
11 0 0
11 23 0
11 36 0.055014032703238444
11 2 0
11 1 0
11 32 8.867891406496747e-05
11 5 0.0027304904431426935
11 37 0.7444865934125712
11 10 9.436065158590249e-07
11 51 0.028492924110188982
11 11 4.620943966433463e-06
11 44 1.5487705292945523e-05
11 39 3.1520398103217455e-05
11 20 0
11 8 9.27047278402848e-07
11 3 0
11 25 0
11 12 0
11 17 0
11 41 7.95174766094103e-06
11 4 0.0027005987727177546
11 29 8.582614338422473e-07
11 30 1.1404497147929137e-06
11 27 5.391175381935639e-07
11 22 0
11 16 0
11 21 0
11 6 2.806141453725659e-06
11 19 0
11 48 7.832539188533814e-07
11 15 0
11 49 0.0044842313081792365
11 26 1.2218857209566028e-06
11 47 0.0026105496682066283
11 50 0.005108503985402694
11 31 0.000432841850698641
11 35 0.04900548510467355
11 28 2.0746151676119428e-07
11 38 0.01837089688762073
44 43 0.0002784841376315828
44 7 0
44 14 0
44 24 0
44 45 5.137214434973391e-05
44 9 0
44 33 0
44 40 0.008520182868088203
44 13 0
44 18 0
44 34 0
44 0 0
44 23 0
44 36 0
44 2 0
44 1 0
44 32 0
44 5 0
44 37 0
44 10 0
44 51 0.6831480644067286
44 11 0
44 44 4.639294827186268e-05
44 39 0.014507440401818372
44 20 0
44 8 0
44 3 0
44 25 0
44 12 0
44 17 0
44 41 0.0001064266325076057
44 4 0
44 29 0
44 30 0
44 27 0
44 22 0
44 16 0
44 21 0
44 6 0
44 19 0
44 48 1.8912568178147277e-05
44 15 0
44 49 0.10765366911225138
44 26 0
44 47 0.06312298364641375
44 50 0.12272174835016306
44 31 0
44 35 0
44 28 0
44 38 0
39 43 0.0004191921095619449
39 7 0
39 14 0
39 24 0
39 45 3.896192183893566e-05
39 9 0
39 33 0
39 40 0.00020032024908140294
39 13 0
39 18 0
39 34 0
39 0 0
39 23 0
39 36 0
39 2 0
39 1 0
39 32 0
39 5 0
39 37 0
39 10 0
39 51 0.699306658213404
39 11 0
39 44 0.00042473079422263266
39 39 2.2977413202821626e-05
39 20 0
39 8 0
39 3 0
39 25 0
39 12 0
39 17 0
39 41 0.0002215367303112077
39 4 0
39 29 0
39 30 0
39 27 0
39 22 0
39 16 0
39 21 0
39 6 0
39 19 0
39 48 1.9223661094229912e-05
39 15 0
39 49 0.11005791569765544
39 26 0
39 47 0.06407592306717066
39 50 0.12538058243452996
39 31 0
39 35 0
39 28 0
39 38 0
20 43 2.0414023657688396e-05
20 7 0
20 14 0
20 24 0
20 45 1.897386844900815e-06
20 9 0
20 33 0.02852932362657347
20 40 9.75529407778035e-06
20 13 0
20 18 4.176507101011766e-05
20 34 0.05756936472538682
20 0 0
20 23 4.513230320185386e-06
20 36 0.05482586531306848
20 2 0
20 1 0
20 32 8.773655637141571e-05
20 5 0
20 37 0.7419332109457669
20 10 0
20 51 0.03405517980685018
20 11 0
20 44 2.06837492491698e-05
20 39 1.1189653765312235e-06
20 20 4.502496634383766e-06
20 8 0
20 3 0
20 25 0
20 12 0
20 17 0.0003779285698746969
20 41 1.0788504722443289e-05
20 4 0
20 29 8.534389020960234e-07
20 30 1.1314179284959648e-06
20 27 3.6434285812666254e-07
20 22 4.501655444765096e-06
20 16 0.00036321709615567944
20 21 4.478380709072912e-06
20 6 0
20 19 4.055098605926957e-05
20 48 9.361633089303856e-07
20 15 0
20 49 0.005359654543868561
20 26 6.811041814733159e-07
20 47 0.0031204008366194705
20 50 0.0061058453097021
20 31 0.00042827472107207697
20 35 0.04883786776008886
20 28 0
20 38 0.018307893114608623
8 43 1.5692945033184047e-05
8 7 4.928906992736442e-06
8 14 0
8 24 0
8 45 1.693771978237387e-06
8 9 1.5614384630230053e-06
8 33 0.02856200985537271
8 40 2.5531479659142852e-05
8 13 0
8 18 0
8 34 0.05764175235361346
8 0 0
8 23 0
8 36 0.05489437795493396
8 2 0
8 1 0
8 32 8.856627373764672e-05
8 5 0.0019259645334354502
8 37 0.7428682213762403
8 10 1.4192334270868712e-06
8 51 0.0310694078735503
8 11 1.4287586950180047e-06
8 44 1.5904505060898562e-05
8 39 5.109153302360855e-05
8 20 0
8 8 1.5431574853940145e-06
8 3 0
8 25 0
8 12 0
8 17 0
8 41 8.091405136590675e-06
8 4 0.0018715595170023872
8 29 8.566316459196581e-07
8 30 1.1386134798008591e-06
8 27 5.109372321587992e-07
8 22 0
8 16 0
8 21 0
8 6 4.474761304296412e-06
8 19 0
8 48 8.54074911922409e-07
8 15 0
8 49 0.004889704321364508
8 26 1.1858101050921278e-06
8 47 0.002846501662406657
8 50 0.005570405824432965
8 31 0.00043228797025240837
8 35 0.048898899026949876
8 28 3.4533922916293134e-07
8 38 0.018330961642163975
3 43 1.566406125766575e-05
3 7 3.243612268627743e-06
3 14 0
3 24 0
3 45 1.6562329639617605e-06
3 9 1.6387686854717824e-06
3 33 0.028671868144341573
3 40 2.349743358161272e-05
3 13 0
3 18 0
3 34 0.057862855462724565
3 0 5.209998392515901e-07
3 23 0
3 36 0.05510498264429519
3 2 6.13842099564638e-07
3 1 5.850366618772195e-07
3 32 8.883833685008327e-05
3 5 0.0006057240584886921
3 37 0.7457175285904377
3 10 1.873396215128526e-06
3 51 0.030346212540519307
3 11 1.8692331916565768e-06
3 44 1.587446716515178e-05
3 39 4.364277521265459e-05
3 20 0
3 8 1.2373292060998727e-06
3 3 3.1066030848568634e-06
3 25 0
3 12 0
3 17 0
3 41 8.097321362488318e-06
3 4 0.0005858897949269204
3 29 8.597181712166552e-07
3 30 1.1424380374201786e-06
3 27 5.239060735834263e-07
3 22 0
3 16 0
3 21 0
3 6 3.0430086240234284e-06
3 19 0
3 48 8.342028208150266e-07
3 15 0
3 49 0.004775894877982669
3 26 1.2074083000009054e-06
3 47 0.00278029007973545
3 50 0.005440754761375308
3 31 0.0004336193411854552
3 35 0.04908650165967467
3 28 2.768987082003552e-07
3 38 0.01840127128507927
25 43 4.937947532719923e-06
25 7 0
25 14 0
25 24 0
25 45 4.589588435136531e-07
25 9 0
25 33 0.029658549983168515
25 40 2.3597077739345706e-06
25 13 0
25 18 0
25 34 0.05985212260291317
25 0 0
25 23 0
25 36 0.05699956656691597
25 2 0
25 1 0
25 32 9.167314176930643e-05
25 5 0
25 37 0.7713539101367248
25 10 0
25 51 0.008237606359404083
25 11 0
25 44 5.003191447457098e-06
25 39 2.706664993091737e-07
25 20 0
25 8 0
25 3 0
25 25 1.2369195754892017e-05
25 12 0
25 17 0
25 41 2.6096310638819744e-06
25 4 0
25 29 8.886280764110869e-07
25 30 1.1799535630374955e-06
25 27 2.4305459946538112e-06
25 22 0
25 16 0
25 21 0
25 6 0
25 19 0
25 48 2.264485129963288e-07
25 15 0
25 49 0.001296446667002991
25 26 1.0933224940496814e-05
25 47 0.000754793659038404
25 50 0.0014769427275970384
25 31 0.000447467177477263
25 35 0.05077416160786082
25 28 3.4234575732684964e-06
25 38 0.019033873903384162
12 43 2.0454272487823966e-05
12 7 0
12 14 4.586271882328099e-06
12 24 0
12 45 1.901127783076498e-06
12 9 0
12 33 0.02854427162892582
12 40 9.774527874059686e-06
12 13 3.7895572314120566e-06
12 18 3.025727218165616e-05
12 34 0.05759969876649858
12 0 0
12 23 4.700144004592805e-06
12 36 0.054854742488871844
12 2 0
12 1 0
12 32 8.780185623318327e-05
12 5 0
12 37 0.7423242007710568
12 10 0
12 51 0.03412232387991588
12 11 0
12 44 2.072452987743257e-05
12 39 1.121171558386937e-06
12 20 3.75919990265888e-06
12 8 0
12 3 0
12 25 0
12 12 4.5034496424260985e-06
12 17 8.062894655819494e-05
12 41 1.0809775624143918e-05
12 4 0
12 29 8.539447790734362e-07
12 30 1.1321671199466506e-06
12 27 3.654639057763796e-07
12 22 4.726567020293885e-06
12 16 7.809174927963214e-05
12 21 4.742507275836355e-06
12 6 0
12 19 2.968646657819306e-05
12 48 9.380090731133241e-07
12 15 4.6309166722601335e-06
12 49 0.005370221773826816
12 26 6.817574915552155e-07
12 47 0.003126553100143479
12 50 0.006117883749251745
12 31 0.0004285924955329865
12 35 0.048863591051199695
12 28 0
12 38 0.018317541047934906
17 43 2.045076195782196e-05
17 7 0
17 14 0
17 24 0
17 45 1.9008014959534424e-06
17 9 0
17 33 0.028546497066595504
17 40 9.77285028951226e-06
17 13 0
17 18 2.7965326815104775e-05
17 34 0.05760416014014603
17 0 0
17 23 4.668157381699982e-06
17 36 0.05485899320002433
17 2 0
17 1 0
17 32 8.780537198107317e-05
17 5 0
17 37 0.7423816878899905
17 10 0
17 51 0.034116467548723085
17 11 0
17 44 2.0720972963638505e-05
17 39 1.1209791336687289e-06
17 20 3.887611582573696e-06
17 8 0
17 3 0
17 25 0
17 12 0
17 17 8.87051706243957e-06
17 41 1.0807920361958332e-05
17 4 0
17 29 8.540012422878392e-07
17 30 1.1322284512611156e-06
17 27 3.6533203217536977e-07
17 22 4.688013423051005e-06
17 16 8.989574673811101e-05
17 21 4.699227305364793e-06
17 6 0
17 19 2.736102239746735e-05
17 48 9.378480845128835e-07
17 15 0
17 49 0.005369300099286886
17 26 6.817600668441001e-07
17 47 0.0031260164969268713
17 50 0.006116833754736829
17 31 0.0004286098256605897
17 35 0.04886737750192834
17 28 0
17 38 0.01831895961908874
41 43 0.00010633094755847852
41 7 0
41 14 0
41 24 0
41 45 3.0573115908554985e-05
41 9 0
41 33 0
41 40 0.002784886829865821
41 13 0
41 18 0
41 34 0
41 0 0
41 23 0
41 36 0
41 2 0
41 1 0
41 32 0
41 5 0
41 37 0
41 10 0
41 51 0.6950278500556049
41 11 0
41 44 0.00010784577429144718
41 39 0.004419637940808086
41 20 0
41 8 0
41 3 0
41 25 0
41 12 0
41 17 0
41 41 2.2986392055902906e-05
41 4 0
41 29 0
41 30 0
41 27 0
41 22 0
41 16 0
41 21 0
41 6 0
41 19 0
41 48 1.911683775949502e-05
41 15 0
41 49 0.10938307625032784
41 26 0
41 47 0.06366606901381638
41 50 0.1245963814634991
41 31 0
41 35 0
41 28 0
41 38 0
4 43 1.5691182874444567e-05
4 7 3.319537361876935e-06
4 14 0
4 24 0
4 45 1.6636580943062349e-06
4 9 1.6162939808308062e-06
4 33 0.028682260855709345
4 40 2.3770170821895614e-05
4 13 0
4 18 0
4 34 0.05788386980169887
4 0 0
4 23 0
4 36 0.05512499269894632
4 2 0
4 1 0
4 32 8.8875159147459e-05
4 5 0.000642953268476696
4 37 0.7459883678769073
4 10 1.8199924058284914e-06
4 51 0.030484571211152
4 11 1.822642011086656e-06
4 44 1.5902061391447964e-05
4 39 4.469225224833024e-05
4 20 0
4 8 1.2832583756895667e-06
4 3 0
4 25 0
4 12 0
4 17 0
4 41 8.10900363494355e-06
4 4 3.1041054899209696e-06
4 29 8.60043830222367e-07
4 30 1.1428895221031813e-06
4 27 5.231209737307574e-07
4 22 0
4 16 0
4 21 0
4 6 3.1170909324501674e-06
4 19 0
4 48 8.38004832613035e-07
4 15 0
4 49 0.004797668775717515
4 26 1.2066357118661552e-06
4 47 0.0027929598720328455
4 50 0.005465559843857915
4 31 0.00043379883843168746
4 35 0.04910432625671958
4 28 2.871770784719087e-07
4 38 0.018407954474812308
29 43 0
29 7 0
29 14 0
29 24 0
29 45 0
29 9 0
29 33 0.029981837358774965
29 40 0
29 13 0
29 18 0
29 34 0.060564891940093395
29 0 0
29 23 0
29 36 0.0576743728584939
29 2 0
29 1 0
29 32 9.951782262056839e-05
29 5 0
29 37 0.7805595977791554
29 10 0
29 51 0
29 11 0
29 44 0
29 39 0
29 20 0
29 8 0
29 3 0
29 25 0
29 12 0
29 17 0
29 41 0
29 4 0
29 29 9.191075098436415e-07
29 30 1.2481955311895124e-06
29 27 0
29 22 0
29 16 0
29 21 0
29 6 0
29 19 0
29 48 0
29 15 0
29 49 0
29 26 0
29 47 0
29 50 0
29 31 0.00048541323096651444
29 35 0.051375280407067486
29 28 0
29 38 0.019260997819010826
30 43 0
30 7 0
30 14 0
30 24 0
30 45 0
30 9 0
30 33 0.03016770185356905
30 40 0
30 13 0
30 18 0
30 34 0.060573058547824715
30 0 0
30 23 0
30 36 0.05770641817678294
30 2 0
30 1 0
30 32 5.848237863354292e-05
30 5 0
30 37 0.780544749858507
30 10 0
30 51 0
30 11 0
30 44 0
30 39 0
30 20 0
30 8 0
30 3 0
30 25 0
30 12 0
30 17 0
30 41 0
30 4 0
30 29 7.98285179572053e-07
30 30 9.18961389837206e-07
30 27 0
30 22 0
30 16 0
30 21 0
30 6 0
30 19 0
30 48 0
30 15 0
30 49 0
30 26 0
30 47 0
30 50 0
30 31 0.0002872099933577757
30 35 0.05140374182544753
30 28 0
30 38 0.019260844023027808
27 43 6.052404701594915e-06
27 7 0
27 14 0
27 24 0
27 45 5.625423607509513e-07
27 9 0
27 33 0.02957750130352627
27 40 2.8922758556498666e-06
27 13 0
27 18 0
27 34 0.059691694701259984
27 0 0
27 23 0
27 36 0.05684657754886359
27 2 0
27 1 0
27 32 9.177775440989546e-05
27 5 0
27 37 0.7692873945995681
27 10 0
27 51 0.010096771407387376
27 11 0
27 44 6.132373671230407e-06
27 39 3.3175386780198026e-07
27 20 0
27 8 0
27 3 0
27 25 0
27 12 0
27 17 0
27 41 3.19860492964117e-06
27 4 0
27 29 8.872784161137453e-07
27 30 1.1796021131961375e-06
27 27 8.724024217891228e-06
27 22 0
27 16 0
27 21 0
27 6 0
27 19 0
27 48 2.775562185799947e-07
27 15 0
27 49 0.001589044810772598
27 26 0
27 47 0.0009251448421489677
27 50 0.0018102774582481054
27 31 0.00044795991931098525
27 35 0.05063788253153936
27 28 0
27 38 0.018982878899425928
22 43 2.0539223889275288e-05
22 7 0
22 14 0
22 24 0
22 45 1.9090236136426005e-06
22 9 0
22 33 0.02850187796436127
22 40 9.815123785930245e-06
22 13 0
22 18 5.586151487580614e-05
22 34 0.05751509813770689
22 0 0
22 23 1.4134818012946237e-06
22 36 0.054774111007722635
22 2 0
22 1 0
22 32 8.777871838977151e-05
22 5 0
22 37 0.7412342080578506
22 10 0
22 51 0.03426404193341855
22 11 0
22 44 2.081060372134467e-05
22 39 1.1258280473422954e-06
22 20 1.3401459884808268e-06
22 8 0
22 3 0
22 25 0
22 12 0
22 17 0.0006597636917996837
22 41 1.0854671163327822e-05
22 4 0
22 29 8.530023275089032e-07
22 30 1.1313534181937987e-06
22 27 3.713488453777229e-07
22 22 1.353070116093416e-05
22 16 0.0006226697983546109
22 21 1.3995551243462207e-06
22 6 0
22 19 5.6489241138732816e-05
22 48 9.419048454843307e-07
22 15 0
22 49 0.00539252557407581
22 26 6.791641473484686e-07
22 47 0.003139538411537821
22 50 0.006143292765332853
22 31 0.0004284741232042158
22 35 0.048791766236561215
22 28 0
22 38 0.018290643920511895
16 43 2.0450626757237814e-05
16 7 0
16 14 0
16 24 0
16 45 1.9007889296995154e-06
16 9 0
16 33 0.02854626957256188
16 40 9.772785680915371e-06
16 13 0
16 18 2.9955624196024235e-05
16 34 0.057603702100943247
16 0 0
16 23 4.662896927351425e-06
16 36 0.05485855692136105
16 2 0
16 1 0
16 32 8.780478819012562e-05
16 5 0
16 37 0.7423757851807626
16 10 0
16 51 0.034116242003883426
16 11 0
16 44 2.0720835976682743e-05
16 39 1.1209717228429296e-06
16 20 3.880477268285482e-06
16 8 0
16 3 0
16 25 0
16 12 0
16 17 9.401360342118766e-05
16 41 1.0807848910483279e-05
16 4 0
16 29 8.539947887480338e-07
16 30 1.132220366315356e-06
16 27 3.6533363303012367e-07
16 22 4.6855924597823285e-06
16 16 9.144194807926188e-06
16 21 4.713198845977279e-06
16 6 0
16 19 2.92958241838306e-05
16 48 9.37841884371933e-07
16 15 0
16 49 0.005369264602703939
16 26 6.817602185207577e-07
16 47 0.003125995830743213
16 50 0.0061167933161854916
16 31 0.0004286069700972862
16 35 0.04886698887322225
16 28 0
16 38 0.018318813963689368
21 43 2.0364980165218812e-05
21 7 0
21 14 0
21 24 0
21 45 1.8928284844815133e-06
21 9 0
21 33 0.028514696691201442
21 40 9.731857556898967e-06
21 13 0
21 18 5.5592636201088466e-05
21 34 0.05754012809885656
21 0 0
21 23 1.4511662131086493e-06
21 36 0.054798003513573716
21 2 0
21 1 0
21 32 8.77232239296112e-05
21 5 0
21 37 0.7415565112009109
21 10 0
21 51 0.03397336423794426
21 11 0
21 44 2.063405775681238e-05
21 39 1.1162771279560177e-06
21 20 1.3803296895113677e-06
21 8 0
21 3 0
21 25 0
21 12 0
21 17 0.0006591238771206303
21 41 1.0762585973690632e-05
21 4 0
21 29 8.5309748288348e-07
21 30 1.131093903715048e-06
21 27 3.648276271772873e-07
21 22 1.4450106862937709e-06
21 16 0.0006269708073667645
21 21 1.34033883765816e-05
21 6 0
21 19 5.617453095076876e-05
21 48 9.339142315813621e-07
21 15 0
21 49 0.00534677828867724
21 26 6.840927266218117e-07
21 47 0.0031129042569339256
21 50 0.006091176375040572
21 31 0.00042820803845869285
21 35 0.04881304904776706
21 28 0
21 38 0.01829859753564166
6 43 1.5746708763567474e-05
6 7 3.998476167035814e-06
6 14 0
6 24 0
6 45 1.6857011903685225e-06
6 9 1.587743818470211e-06
6 33 0.02864258507746623
6 40 2.4794049850422486e-05
6 13 0
6 18 0
6 34 0.05780395704468615
6 0 0
6 23 0
6 36 0.05504887836863398
6 2 0
6 1 0
6 32 8.877004733005026e-05
6 5 0.0006788646560615936
6 37 0.7449585298760013
6 10 1.609600945197251e-06
6 51 0.030905585246622885
6 11 1.6206070389488134e-06
6 44 1.5958690822109778e-05
6 39 4.830235573420521e-05
6 20 0
6 8 1.42916561602191e-06
6 3 0
6 25 0
6 12 0
6 17 0
6 41 8.127836076319488e-06
6 4 0.0006785659915794101
6 29 8.589082962725497e-07
6 30 1.141452808810021e-06
6 27 5.184093021592211e-07
6 22 0
6 16 0
6 21 0
6 6 3.0678046176595107e-06
6 19 0
6 48 8.495745320915853e-07
6 15 0
6 49 0.004863924701412101
6 26 1.1996733925785436e-06
6 47 0.0028315108549119817
6 50 0.005541038376258929
6 31 0.00043328489300678146
6 35 0.04903652505182491
6 28 3.1982928304764366e-07
6 38 0.01838254217650497
19 43 2.0434606808669784e-05
19 7 0
19 14 0
19 24 0
19 45 1.899299951329629e-06
19 9 0
19 33 0.028547633323259405
19 40 9.765130193101714e-06
19 13 0
19 18 2.1310097058783137e-05
19 34 0.05760635618979242
19 0 0
19 23 4.554510352827028e-06
19 36 0.0548610909988744
19 2 0
19 1 0
19 32 8.779788823871663e-05
19 5 0
19 37 0.7424099580998563
19 10 0
19 51 0.03408951712905365
19 11 0
19 44 2.0704604360380995e-05
19 39 1.120093612378981e-06
19 20 4.309418958942791e-06
19 8 0
19 3 0
19 25 0
19 12 0
19 17 6.16326135474523e-05
19 41 1.0799382608414443e-05
19 4 0
19 29 8.540018865781546e-07
19 30 1.1321846991739194e-06
19 27 3.64817841589262e-07
19 22 4.561958372406262e-06
19 16 6.147964610001926e-05
19 21 4.561298599980809e-06
19 6 0
19 19 9.008846687447073e-06
19 48 9.371072282210327e-07
19 15 0
19 49 0.005365058602399238
19 26 6.816211177292412e-07
19 47 0.003123547089539608
19 50 0.006112001741084347
19 31 0.0004285738504078115
19 35 0.04886924616025609
19 28 0
19 38 0.018319657269080126
48 43 0.008982636512816763
48 7 0
48 14 0
48 24 0
48 45 2.2869136739048413e-06
48 9 0
48 33 0
48 40 0.0037389189531020495
48 13 0
48 18 0
48 34 0
48 0 0
48 23 0
48 36 0
48 2 0
48 1 0
48 32 0
48 5 0
48 37 0
48 10 0
48 51 0.6687099286964038
48 11 0
48 44 0.00909434479836408
48 39 0.0035278380349726144
48 20 0
48 8 0
48 3 0
48 25 0
48 12 0
48 17 0
48 41 0.0003406938112026825
48 4 0
48 29 0
48 30 0
48 27 0
48 22 0
48 16 0
48 21 0
48 6 0
48 19 0
48 48 2.3001725129384705e-05
48 15 0
48 49 0.10887284840565997
48 26 0
48 47 0.07021070214982884
48 50 0.12658622685935153
48 31 0
48 35 0
48 28 0
48 38 0
15 43 2.045481853996449e-05
15 7 0
15 14 1.6105209325662754e-06
15 24 0
15 45 1.9011785360093514e-06
15 9 0
15 33 0.02854395199233101
15 40 9.774788817192512e-06
15 13 1.5539541918511097e-06
15 18 3.0456045094881308e-05
15 34 0.057599058062974585
15 0 0
15 23 4.70656377244294e-06
15 36 0.05485413203568309
15 2 0
15 1 0
15 32 8.78013598142696e-05
15 5 0
15 37 0.7423159451226568
15 10 0
15 51 0.03412323481588799
15 11 0
15 44 2.0725083144440198e-05
15 39 1.121201489424488e-06
15 20 3.740329162704039e-06
15 8 0
15 3 0
15 25 0
15 12 1.4271050641952072e-06
15 17 8.516280322534866e-05
15 41 1.0810064204515236e-05
15 4 0
15 29 8.53936695237687e-07
15 30 1.1321583800988214e-06
15 27 3.6548308518687377e-07
15 22 4.730861425666593e-06
15 16 8.22872728235904e-05
15 21 4.748513435181692e-06
15 6 0
15 19 2.9894405543602086e-05
15 48 9.380341144452046e-07
15 15 8.98375736668104e-06
15 49 0.005370365141308376
15 26 6.817575650924441e-07
15 47 0.003126636567966946
15 50 0.006118047076551396
15 31 0.00042859004768447796
15 35 0.0488630472769809
15 28 0
15 38 0.01831733732934308
49 43 0.0017140830001127815
49 7 0
49 14 0
49 24 0
49 45 6.411869360833825e-07
49 9 0
49 33 0
49 40 0.0007849683863604837
49 13 0
49 18 0
49 34 0
49 0 0
49 23 0
49 36 0
49 2 0
49 1 0
49 32 0
49 5 0
49 37 0
49 10 0
49 51 0.6140404582231648
49 11 0
49 44 0.0017353712118054155
49 39 0.0007406078463906059
49 20 0
49 8 0
49 3 0
49 25 0
49 12 0
49 17 0
49 41 8.048456028355222e-05
49 4 0
49 29 0
49 30 0
49 27 0
49 22 0
49 16 0
49 21 0
49 6 0
49 19 0
49 48 0.006960730976511805
49 15 0
49 49 0.19598341177018777
49 26 0
49 47 0.021234089723435202
49 50 0.15674923699685012
49 31 0
49 35 0
49 28 0
49 38 0
26 43 5.398351939125852e-06
26 7 0
26 14 0
26 24 0
26 45 5.017512532167728e-07
26 9 0
26 33 0.02962402478858748
26 40 2.579722233333127e-06
26 13 0
26 18 0
26 34 0.059785105619249976
26 0 0
26 23 0
26 36 0.05693556793354344
26 2 0
26 1 0
26 32 9.18676540328273e-05
26 5 0
26 37 0.7704910873379485
26 10 0
26 51 0.009005664391810558
26 11 0
26 44 5.469679066703412e-06
26 39 2.959029053508902e-07
26 20 0
26 8 0
26 3 0
26 25 0
26 12 0
26 17 0
26 41 2.852947873739462e-06
26 4 0
26 29 8.885086213094009e-07
26 30 1.1810169570219136e-06
26 27 0
26 22 0
26 16 0
26 21 0
26 6 0
26 19 0
26 48 2.475621219435168e-07
26 15 0
26 49 0.0014173247756105304
26 26 1.8150796819980397e-05
26 47 0.0008251691185275622
26 50 0.0016146499298888965
26 31 0.00044840144428046476
26 35 0.05071715341456548
26 28 0
26 38 0.01901258141071822
47 43 6.110949918055432e-06
47 7 0
47 14 0
47 24 0
47 45 1.3024668078628329e-06
47 9 0
47 33 0
47 40 0.00045673947500519225
47 13 0
47 18 0
47 34 0
47 0 0
47 23 0
47 36 0
47 2 0
47 1 0
47 32 0
47 5 0
47 37 0
47 10 0
47 51 0.7029894904890779
47 11 0
47 44 6.008026694464758e-06
47 39 0.0004306677449123923
47 20 0
47 8 0
47 3 0
47 25 0
47 12 0
47 17 0
47 41 9.851921347554536e-05
47 4 0
47 29 0
47 30 0
47 27 0
47 22 0
47 16 0
47 21 0
47 6 0
47 19 0
47 48 1.945526070572641e-05
47 15 0
47 49 0.10998573932128737
47 26 0
47 47 0.06194263124023168
47 50 0.12410093449934027
47 31 0
47 35 0
47 28 0
47 38 0
50 43 0.0022767954828419494
50 7 0
50 14 0
50 24 0
50 45 7.62363394067663e-07
50 9 0
50 33 0
50 40 0.0010114799281594432
50 13 0
50 18 0
50 34 0
50 0 0
50 23 0
50 36 0
50 2 0
50 1 0
50 32 0
50 5 0
50 37 0
50 10 0
50 51 0.6134072359417819
50 11 0
50 44 0.0023050846381927627
50 39 0.0009543365275835202
50 20 0
50 8 0
50 3 0
50 25 0
50 12 0
50 17 0
50 41 0.00010015848172970327
50 4 0
50 29 0
50 30 0
50 27 0
50 22 0
50 16 0
50 21 0
50 6 0
50 19 0
50 48 0.006924739832877808
50 15 0
50 49 0.13630456329525734
50 26 0
50 47 0.024196692130788126
50 50 0.21254528985507246
50 31 0
50 35 0
50 28 0
50 38 0
31 43 0
31 7 0
31 14 0
31 24 0
31 45 0
31 9 0
31 33 0.02963601868603377
31 40 0
31 13 0
31 18 0
31 34 0.061469452109662176
31 0 0
31 23 0
31 36 0.057280440314240566
31 2 0
31 1 0
31 32 0.0003432720405742525
31 5 0
31 37 0.7808728995334667
31 10 0
31 51 0
31 11 0
31 44 0
31 39 0
31 20 0
31 8 0
31 3 0
31 25 0
31 12 0
31 17 0
31 41 0
31 4 0
31 29 8.07335077390137e-07
31 30 2.36097915039029e-07
31 27 0
31 22 0
31 16 0
31 21 0
31 6 0
31 19 0
31 48 0
31 15 0
31 49 0
31 26 0
31 47 0
31 50 0
31 31 2.9858768027231196e-05
31 35 0.051109910688681495
31 28 0
31 38 0.019288810207723144
35 43 0
35 7 0
35 14 0
35 24 0
35 45 0
35 9 0
35 33 0.017165744967264838
35 40 0
35 13 0
35 18 0
35 34 0.03326791062267029
35 0 0
35 23 0
35 36 0.09354495902461327
35 2 0
35 1 0
35 32 0.0019124861770173436
35 5 0
35 37 0.7603951348441798
35 10 0
35 51 0
35 11 0
35 44 0
35 39 0
35 20 0
35 8 0
35 3 0
35 25 0
35 12 0
35 17 0
35 41 0
35 4 0
35 29 5.014907201249622e-07
35 30 4.073758917778119e-08
35 27 0
35 22 0
35 16 0
35 21 0
35 6 0
35 19 0
35 48 0
35 15 0
35 49 0
35 26 0
35 47 0
35 50 0
35 31 0.005174397387003136
35 35 0.07036351905239642
35 28 0
35 38 0.018176382054952613
28 43 0
28 7 0
28 14 0
28 24 0
28 45 0
28 9 0
28 33 0.030009685792763613
28 40 0
28 13 0
28 18 0
28 34 0.06056611555860421
28 0 0
28 23 0
28 36 0.057679174270038484
28 2 0
28 1 0
28 32 9.336940328779166e-05
28 5 0
28 37 0.7805573730867056
28 10 0
28 51 0
28 11 0
28 44 0
28 39 0
28 20 0
28 8 0
28 3 0
28 25 0
28 12 0
28 17 0
28 41 0
28 4 0
28 29 9.010044682021805e-07
28 30 1.1988657478846052e-06
28 27 0
28 22 0
28 16 0
28 21 0
28 6 0
28 19 0
28 48 0
28 15 0
28 49 0
28 26 0
28 47 0
28 50 0
28 31 0.0004557160594599063
28 35 0.05137954483600998
28 28 0.00016007683688170322
28 38 0.019260974775463464
38 43 0
38 7 0
38 14 0
38 24 0
38 45 0
38 9 0
38 33 0
38 40 0
38 13 0
38 18 0
38 34 0
38 0 0
38 23 0
38 36 0
38 2 0
38 1 0
38 32 0
38 5 0
38 37 0
38 10 0
38 51 0
38 11 0
38 44 0
38 39 0
38 20 0
38 8 0
38 3 0
38 25 0
38 12 0
38 17 0
38 41 0
38 4 0
38 29 0
38 30 0
38 27 0
38 22 0
38 16 0
38 21 0
38 6 0
38 19 0
38 48 0
38 15 0
38 49 0
38 26 0
38 47 0
38 50 0
38 31 0
38 35 0
38 28 0
38 38 1.0
