43 1.4976763746353283
7 1.5304685307736223
14 1.538419307801965
24 1.3458916720142668
45 1.3763587279037932
9 1.567538846176604
33 1.217336415692673
40 1.3972244776020626
13 1.5383045986249906
18 1.537147279974677
34 1.3792193685557554
0 1.5251264573349448
23 1.5529662008260048
36 1.3105158136754473
2 1.5251275123888197
1 1.5251096197850318
32 1.2964678268721987
5 1.5197847043395216
37 1.0678950892018715
10 1.5458278456219166
51 1.2174788059090094
11 1.5468152414694092
44 1.496309583252274
39 1.3546446334148972
20 1.5444303744889587
8 1.5518614211405972
3 1.5251370186250808
25 1.3430561677259925
12 1.538304141929945
17 1.5373383258381836
41 1.4015079059656663
4 1.520062028104561
29 1.2495108342830867
30 1.2479119926643518
27 1.359748257364721
22 1.5517158660496075
16 1.53744172459876
21 1.5499101351447704
6 1.530403442279485
19 1.537200498768344
48 1.5682256289466203
15 1.5384253525473752
49 1.5281742701717556
26 1.3502361455634162
47 1.340993053556313
50 1.5398050866988557
31 1.2458638458267368
35 1.315327728115185
28 1.2492822940085273
38 -0.0
