43 3.1824001818208822
7 3.9538934678301945
14 4.332691613035139
24 3.4094877092500186
45 3.04447669618039
9 3.855881642093521
33 2.3418870523663378
40 3.3206479331386647
13 4.393730668335005
18 3.9094383084202002
34 2.283339051911542
0 4.402153180890058
23 3.796467604977059
36 1.9567312769072536
2 4.350359184125385
1 4.396588679245956
32 2.6087496780937536
5 4.051121505329021
37 1.63458638473523
10 3.9630809771610322
51 1.8534459660361293
11 3.959688505244923
44 3.1833467170543703
39 3.3871875974797536
20 3.8903357698579164
8 3.938959198539942
3 4.3455687593326395
25 3.4167090976414123
12 4.403603905414908
17 4.036414332005254
41 3.2830855679050903
4 4.0537502292166785
29 2.8341954819114368
30 2.747086275846841
27 3.150797755205164
22 3.8018892713701153
16 4.038457931323192
21 3.804945433116408
6 3.95698941542901
19 3.9111483795080884
48 2.4534816033629117
15 4.337506000568905
49 2.041052826749687
26 3.1392747329893482
47 2.3892291003036714
50 2.027639074082898
31 2.7664819234388918
35 2.011046751895871
28 3.0193046638250367
38 -0.0
