43 3.213334318139892
7 4.5753373761763125
14 4.775740447619002
24 4.075379256428591
45 3.012706776493116
9 4.5559583716293375
33 2.9475291138446362
40 3.1860638241937282
13 4.800564710607215
18 4.6282419555960645
34 3.0394508744182556
0 4.712178010219144
23 4.59164549250476
36 3.1034869730281036
2 4.695457829055766
1 4.7052616945867785
32 3.1832314106749164
5 4.601532202412821
37 3.081590003920306
10 4.551458793532499
51 3.045771821115732
11 4.551458793533223
44 3.213334318139894
39 3.184284839820446
20 4.582042179047006
8 4.547081093569888
3 4.695457828972779
25 4.075379256428591
12 4.800564710623755
17 4.6314081419769275
41 3.170114665590502
4 4.60153220241307
29 3.1674992568367535
30 3.0609267697741105
27 4.179346603060522
22 4.591645492504661
16 4.631408141976931
21 4.591645492505022
6 4.575337376176465
19 4.628241955595418
48 3.29085595112903
15 4.775740447616704
49 3.064028019938441
26 4.179346603060522
47 2.6469804381408686
50 3.064028019938441
31 3.0836769795948933
35 3.103486973028103
28 3.275123654830253
38 -0.0
