0 1.3957001863490004
1 1.3978860973621487
2 1.5528857186768052
3 1.5232687288266265
4 -0.0
5 -0.0
6 0
7 0
8 0
9 0
10 0
11 0
12 1.3471894684191597
13 1.3637775243504844
14 1.5075800357811435
15 1.5735144900298619
16 0.4394969869215134
17 -0.0
18 -0.0
19 0.8112781244591328
20 -0.0
21 -0.0
22 -0.0
23 -0.0
24 1.18128857650884
25 1.3460067493326258
26 1.134707057133618
27 1.5664934884568067
28 1.477410954250552
29 0.9491059146920553
30 0.6741711981739116
31 0
32 0
33 0
34 0
35 -0.0
36 -0.0
37 -0.0
38 -0.0
39 1.015013370691901
40 1.7427376486136672
41 1.438072675482221
43 0
44 0
45 0
47 0
48 0
49 0
50 0
51 0
