43 43 0.0
43 7 0
43 14 0
43 24 0
43 45 0.000806621870713306
43 9 0
43 33 0
43 40 0.032231626157407406
43 13 0
43 18 0
43 34 0
43 0 0
43 23 0
43 36 0
43 2 0
43 1 0
43 32 0
43 5 0
43 37 0
43 10 0
43 51 0.18888862498928372
43 11 0
43 44 0.007645318930041154
43 39 0.023697530864197527
43 20 0
43 8 0
43 3 0
43 25 0
43 12 0
43 17 0
43 41 0.009801713605967075
43 4 0
43 29 0
43 30 0
43 27 0
43 22 0
43 16 0
43 21 0
43 6 0
43 19 0
43 48 0.0
43 15 0
43 49 0.2808460822295106
43 26 0
43 47 0.17523639912337174
43 50 0.28084608222951063
43 31 0
43 35 0
43 28 0
43 38 0
7 43 0.0018913738976607875
7 7 0.0
7 14 0
7 24 0
7 45 0.00017896188230392886
7 9 0.0
7 33 0.06590452847736293
7 40 0.003804799255161035
7 13 0
7 18 0
7 34 0.08352484256882166
7 0 0
7 23 0
7 36 0.12186062252979624
7 2 0
7 1 0
7 32 0.0057302829159173434
7 5 0.0004136484114976282
7 37 0.07465764377193569
7 10 0.0
7 51 0.06159390543747804
7 11 0.0
7 44 0.0018913738976607877
7 39 0.001347588767330358
7 20 0
7 8 0.0
7 3 0
7 25 0
7 12 0
7 17 0
7 41 0.001372768339846346
7 4 0.00041364841149762826
7 29 0.0
7 30 0.00039752196869424143
7 27 0.0
7 22 0
7 16 0
7 21 0
7 6 0.0
7 19 0
7 48 0.0
7 15 0
7 49 0.09229593381023687
7 26 0.034354436289170634
7 47 0.05810238454734156
7 50 0.09229593381023687
7 31 0.017924692140107723
7 35 0.12186062252979624
7 28 0.0
7 38 0.15818248634129098
14 43 0.0021948785543225036
14 7 0
14 14 0.0
14 24 0
14 45 0.0001505230160818312
14 9 0
14 33 0.06451285448062483
14 40 0.003944967920639114
14 13 0.0
14 18 0.0015656739970385763
14 34 0.08246765357700972
14 0 0
14 23 0.0
14 36 0.1166554819723699
14 2 0
14 1 0
14 32 0.005072479533205399
14 5 0
14 37 0.07187590449573414
14 10 0
14 51 0.061666496876084685
14 11 0
14 44 0.002194878554322506
14 39 0.0
14 20 0.0
14 8 0
14 3 0
14 25 0
14 12 0.0
14 17 0.0014647133838838436
14 41 0.0016594972788134131
14 4 0
14 29 0.0
14 30 0.00030052768159628536
14 27 0.0
14 22 0.0
14 16 0.001464713383883843
14 21 0.0
14 6 0
14 19 0.001565673997038576
14 48 0.0
14 15 0.0
14 49 0.0923086442614329
14 26 0.04969696126190564
14 47 0.058318890541123165
14 50 0.09230864426143288
14 31 0.017610900900469836
14 35 0.11665548197236988
14 28 0
14 38 0.15434355807276673
24 43 0.0006779752782778911
24 7 0
24 14 0
24 24 0.16666666666666666
24 45 4.649500242912664e-05
24 9 0
24 33 0.07116911903374665
24 40 0.001218559777949245
24 13 0
24 18 0
24 34 0.09097644649316386
24 0 0
24 23 0
24 36 0.12869168399075445
24 2 0
24 1 0
24 32 0.005595844465615462
24 5 0
24 37 0.07929186894244149
24 10 0
24 51 0.019048142916297604
24 11 0
24 44 0.0006779752782778917
24 39 0.0
24 20 0
24 8 0
24 3 0
24 25 0
24 12 0
24 17 0
24 41 0.0005126015410665292
24 4 0
24 29 0.0
24 30 0.00033153532760840963
24 27 0.0
24 22 0
24 16 0
24 21 0
24 6 0
24 19 0
24 48 0.0
24 15 0
24 49 0.028513185238471263
24 26 0.041666666666666664
24 47 0.018014101950981697
24 50 0.02851318523847126
24 31 0.019427946764758237
24 35 0.12869168399075445
24 28 0.0
24 38 0.17026831543560597
45 43 0.0
45 7 0
45 14 0
45 24 0
45 45 0.0
45 9 0
45 33 0
45 40 0.00992063492063492
45 13 0
45 18 0
45 34 0
45 0 0
45 23 0
45 36 0
45 2 0
45 1 0
45 32 0
45 5 0
45 37 0
45 10 0
45 51 0.1935126281415353
45 11 0
45 44 0.0
45 39 0.00496031746031746
45 20 0
45 8 0
45 3 0
45 25 0
45 12 0
45 17 0
45 41 0.0
45 4 0
45 29 0
45 30 0
45 27 0
45 22 0
45 16 0
45 21 0
45 6 0
45 19 0
45 48 0.0
45 15 0
45 49 0.2944978711970914
45 26 0
45 47 0.20261067708333405
45 50 0.29449787119709137
45 31 0
45 35 0
45 28 0
45 38 0
9 43 0.0022318532357219396
9 7 0.0
9 14 0
9 24 0
9 45 0.00020589115595556225
9 9 0.0
9 33 0.059427722339878385
9 40 0.004908613543653132
9 13 0
9 18 0
9 34 0.07566008144365696
9 0 0
9 23 0
9 36 0.10860448796727828
9 2 0
9 1 0
9 32 0.004906022419359417
9 5 0.0008054498474672435
9 37 0.06673436440753629
9 10 0.0
9 51 0.07384533837977508
9 11 0.0
9 44 0.002231853235721937
9 39 0.001697919033592975
9 20 0
9 8 0.0
9 3 0
9 25 0
9 12 0
9 17 0
9 41 0.0014303020712003517
9 4 0.0008054498474672433
9 29 0.0
9 30 0.0003153578805252182
9 27 0.0
9 22 0
9 16 0
9 21 0
9 6 0.0
9 19 0
9 48 0.0
9 15 0
9 49 0.11067243142012756
9 26 0.03808947798436753
9 47 0.06956140655318986
9 50 0.11067243142012756
9 31 0.016194611995405766
9 35 0.10860448796727826
9 28 0.0
9 38 0.14239444585092773
33 43 0
33 7 0
33 14 0
33 24 0
33 45 0
33 9 0
33 33 0.125
33 40 0
33 13 0
33 18 0
33 34 0.11336805555555554
33 0 0
33 23 0
33 36 0.19078510802469142
33 2 0
33 1 0
33 32 0.001736111111111111
33 5 0
33 37 0.12013503086419745
33 10 0
33 51 0
33 11 0
33 44 0
33 39 0
33 20 0
33 8 0
33 3 0
33 25 0
33 12 0
33 17 0
33 41 0
33 4 0
33 29 0.0
33 30 0.0
33 27 0
33 22 0
33 16 0
33 21 0
33 6 0
33 19 0
33 48 0
33 15 0
33 49 0
33 26 0
33 47 0
33 50 0
33 31 0.02468750000000001
33 35 0.1907851080246914
33 28 0
33 38 0.23350308641975315
40 43 0.003099810313786008
40 7 0
40 14 0
40 24 0
40 45 0.0011987740054869684
40 9 0
40 33 0
40 40 0.0
40 13 0
40 18 0
40 34 0
40 0 0
40 23 0
40 36 0
40 2 0
40 1 0
40 32 0
40 5 0
40 37 0
40 10 0
40 51 0.1950721214849116
40 11 0
40 44 0.003099810313786008
40 39 0.019511574074074084
40 20 0
40 8 0
40 3 0
40 25 0
40 12 0
40 17 0
40 41 0.006991222993827163
40 4 0
40 29 0
40 30 0
40 27 0
40 22 0
40 16 0
40 21 0
40 6 0
40 19 0
40 48 0.0
40 15 0
40 49 0.2930267618312771
40 26 0
40 47 0.1849731631515783
40 50 0.293026761831277
40 31 0
40 35 0
40 28 0
40 38 0
13 43 0.002197833538112169
13 7 0
13 14 0.0
13 24 0
13 45 0.000150725666507127
13 9 0
13 33 0.06459970868534523
13 40 0.003950279064710468
13 13 0.0
13 18 0.0013289728905965534
13 34 0.08257868047878311
13 0 0
13 23 0.0
13 36 0.11681253623781179
13 2 0
13 1 0
13 32 0.005079308655766437
13 5 0
13 37 0.0719726716331554
13 10 0
13 51 0.061749519023534205
13 11 0
13 44 0.0021978335381121696
13 39 0.0
13 20 0.0
13 8 0
13 3 0
13 25 0
13 12 0.0
13 17 0.0010323400450715306
13 41 0.0016617314742002026
13 4 0
13 29 0.0
13 30 0.000300932284587124
13 27 0.0
13 22 0.0
13 16 0.0010323400450715323
13 21 0.0
13 6 0
13 19 0.0013289728905965536
13 48 0.0
13 15 0.0
13 49 0.09243292021189398
13 26 0.04976386870642832
13 47 0.058397405772262295
13 50 0.09243292021189398
13 31 0.01763461060618471
13 35 0.11681253623781179
13 28 0
13 38 0.15455135211145893
18 43 0.0022017004128207715
18 7 0
18 14 0
18 24 0
18 45 0.0001509908536817375
18 9 0
18 33 0.06471336560138706
18 40 0.003957229197165048
18 13 0
18 18 0.0
18 34 0.08272396965095151
18 0 0
18 23 0.0
18 36 0.11701805655362456
18 2 0
18 1 0
18 32 0.005088245206180448
18 5 0
18 37 0.07209930056415652
18 10 0
18 51 0.06185816130139111
18 11 0
18 44 0.002201700412820771
18 39 0.0
18 20 0.0
18 8 0
18 3 0
18 25 0
18 12 0
18 17 0.0010808702338960276
18 41 0.0016646551293808731
18 4 0
18 29 0.0
18 30 0.00030146174572018964
18 27 0.0
18 22 0.0
18 16 0.0010808702338960272
18 21 0.0
18 6 0
18 19 0.0008097915091962711
18 48 0.0
18 15 0
18 49 0.09259554694870994
18 26 0.04985142340115063
18 47 0.058500150333906015
18 50 0.09259554694870997
18 31 0.017665636991725818
18 35 0.11701805655362445
18 28 0
18 38 0.15482327021598172
34 43 0
34 7 0
34 14 0
34 24 0
34 45 0
34 9 0
34 33 0.07518329554043839
34 40 0
34 13 0
34 18 0
34 34 0.14285714285714285
34 0 0
34 23 0
34 36 0.18676681783824634
34 2 0
34 1 0
34 32 0.008234126984126984
34 5 0
34 37 0.11289871504157226
34 10 0
34 51 0
34 11 0
34 44 0
34 39 0
34 20 0
34 8 0
34 3 0
34 25 0
34 12 0
34 17 0
34 41 0
34 4 0
34 29 0.0
34 30 0.0
34 27 0
34 22 0
34 16 0
34 21 0
34 6 0
34 19 0
34 48 0
34 15 0
34 49 0
34 26 0
34 47 0
34 50 0
34 31 0.03153722600151172
34 35 0.18676681783824634
34 28 0
34 38 0.255755857898715
0 43 0.0020700858704886123
0 7 0.0
0 14 0
0 24 0
0 45 0.0001877661800049858
0 9 0.0
0 33 0.06327253386298626
0 40 0.004171744003911674
0 13 0
0 18 0
0 34 0.08046218604914117
0 0 0.0
0 23 0
0 36 0.11597692955551939
0 2 0.0
0 1 0.0
0 32 0.005294004954438252
0 5 0.0005161388467548261
0 37 0.07121035450825873
0 10 0.0
0 51 0.06635451341493842
0 11 0.0
0 44 0.0020700858704886123
0 39 0.0012936201752747224
0 20 0
0 8 0.0
0 3 0.0
0 25 0
0 12 0
0 17 0
0 41 0.0014805161116013992
0 4 0.0005161388467548268
0 29 0.0
0 30 0.0003474094465523054
0 27 0.0
0 22 0
0 16 0
0 21 0
0 6 0.0
0 19 0
0 48 0.0
0 15 0
0 49 0.09942023370627254
0 26 0.03845595674842113
0 47 0.06259622717824463
0 50 0.09942023370627252
0 31 0.01723385064322747
0 35 0.11597692955551939
0 28 0.0
0 38 0.15167254052086493
23 43 0.0021873711129103673
23 7 0
23 14 0
23 24 0
23 45 0.00015000816175262763
23 9 0
23 33 0.06429219239425957
23 40 0.003931474410706346
23 13 0
23 18 0.0021670375969317767
23 34 0.08218557824929919
23 0 0
23 23 0.0
23 36 0.11625646936495848
23 2 0
23 1 0
23 32 0.005055129442042894
23 5 0
23 37 0.07163005756651544
23 10 0
23 51 0.061455570585733296
23 11 0
23 44 0.002187371112910367
23 39 0.0
23 20 0.0
23 8 0
23 3 0
23 25 0
23 12 0
23 17 0.0025632024929313295
23 41 0.0016538210747307465
23 4 0
23 29 0.0
23 30 0.0002994997459219505
23 27 0.0
23 22 0.0
23 16 0.0025632024929313287
23 21 0.0
23 6 0
23 19 0.0021670375969317767
23 48 0.0
23 15 0
23 49 0.09199290848168676
23 26 0.049526975991013286
23 47 0.05811941451998918
23 50 0.09199290848168674
23 31 0.017550663942227995
23 35 0.11625646936495858
23 28 0
23 38 0.15381563581558286
36 43 0
36 7 0
36 14 0
36 24 0
36 45 0
36 9 0
36 33 0.07850518077601411
36 40 0
36 13 0
36 18 0
36 34 0.10708085317460307
36 0 0
36 23 0
36 36 0.25
36 2 0
36 1 0
36 32 0.026349344135802467
36 5 0
36 37 0.11849475033068778
36 10 0
36 51 0
36 11 0
36 44 0
36 39 0
36 20 0
36 8 0
36 3 0
36 25 0
36 12 0
36 17 0
36 41 0
36 4 0
36 29 0.0
36 30 0.0
36 27 0
36 22 0
36 16 0
36 21 0
36 6 0
36 19 0
36 48 0
36 15 0
36 49 0
36 26 0
36 47 0
36 50 0
36 31 0.030100501543209878
36 35 0.16389376653439147
36 28 0
36 38 0.22557560350529093
2 43 0.0020395587976933588
2 7 0.0
2 14 0
2 24 0
2 45 0.00018626225481964024
2 9 0.0
2 33 0.06372212372766936
2 40 0.004109063541720371
2 13 0
2 18 0
2 34 0.0809853403629923
2 0 0.0
2 23 0
2 36 0.11698196532960108
2 2 0.0
2 1 0.0
2 32 0.00536852871954153
2 5 0.0004986317210238844
2 37 0.07179921069844801
2 10 0.0
2 51 0.0655413198412181
2 11 0.0
2 44 0.0020395587976933575
2 39 0.0013028389372446887
2 20 0
2 8 0.0
2 3 0.0
2 25 0
2 12 0
2 17 0
2 41 0.001462110942547317
2 4 0.0004986317210238847
2 29 0.0
2 30 0.00035596952558438643
2 27 0.0
2 22 0
2 16 0
2 21 0
2 6 0.0
2 19 0
2 48 0.0
2 15 0
2 49 0.09820328095488202
2 26 0.03775534664575578
2 47 0.06182860170719963
2 50 0.09820328095488201
2 31 0.01735185823038473
2 35 0.11698196532960102
2 28 0.0
2 38 0.15278455105558705
1 43 0.0020396197341665
1 7 0.0
1 14 0
1 24 0
1 45 0.00018626525687322649
1 9 0.0
1 33 0.06372122628013725
1 40 0.004109188661015951
1 13 0
1 18 0
1 34 0.08098429607017898
1 0 0.0
1 23 0
1 36 0.11697995913161953
1 2 0.0
1 1 0.0
1 32 0.005368379959245316
1 5 0.0004986666677919306
1 37 0.07179803525015613
1 10 0.0
1 51 0.06554294310513532
1 11 0.0
1 44 0.0020396197341665
1 39 0.0013028205352543973
1 20 0
1 8 0.0
1 3 0.0
1 25 0
1 12 0
1 17 0
1 41 0.0014621476819414072
1 4 0.0004986666677919327
1 29 0.0
1 30 0.0003559524384214993
1 27 0.0
1 22 0
1 16 0
1 21 0
1 6 0.0
1 19 0
1 48 0.0
1 15 0
1 49 0.0982057102206394
1 26 0.037756745165367166
1 47 0.06183013401047763
1 50 0.09820571022063941
1 31 0.01735162266986112
1 35 0.11697995913161949
1 28 0.0
1 38 0.15278233130380361
32 43 0
32 7 0
32 14 0
32 24 0
32 45 0
32 9 0
32 33 0.10661237874779536
32 40 0
32 13 0
32 18 0
32 34 0.11700176366843033
32 0 0
32 23 0
32 36 0.19075637951940022
32 2 0
32 1 0
32 32 0.0
32 5 0
32 37 0.11581686783509697
32 10 0
32 51 0
32 11 0
32 44 0
32 39 0
32 20 0
32 8 0
32 3 0
32 25 0
32 12 0
32 17 0
32 41 0
32 4 0
32 29 0.006242835097001764
32 30 0.0
32 27 0
32 22 0
32 16 0
32 21 0
32 6 0
32 19 0
32 48 0
32 15 0
32 49 0
32 26 0
32 47 0
32 50 0
32 31 0.0399947641093474
32 35 0.19075637951940022
32 28 0
32 38 0.2328186315035273
5 43 0.0020382256807190665
5 7 0.0
5 14 0
5 24 0
5 45 0.00019096294417845095
5 9 0.0
5 33 0.0635395627010409
5 40 0.00410128165904451
5 13 0
5 18 0
5 34 0.0807494315550061
5 0 0
5 23 0
5 36 0.11666130495545525
5 2 0
5 1 0
5 32 0.005356103059240165
5 5 0.0
5 37 0.07160014363771332
5 10 0.0
5 51 0.06612570132265681
5 11 0.0
5 44 0.0020382256807190704
5 39 0.001409487466318782
5 20 0
5 8 0.0
5 3 0
5 25 0
5 12 0
5 17 0
5 41 0.0014745061141352572
5 4 0.00027331898102768193
5 29 0.0
5 30 0.0003554374073140461
5 27 0.0
5 22 0
5 16 0
5 21 0
5 6 0.0
5 19 0
5 48 0.0
5 15 0
5 49 0.09908443674230973
5 26 0.03722658781196977
5 47 0.062378175696140195
5 50 0.09908443674230973
5 31 0.017301789691966142
5 35 0.11666130495545522
5 28 0.0
5 38 0.1523495751930368
37 43 0
37 7 0
37 14 0
37 24 0
37 45 0
37 9 0
37 33 0.07049162257495589
37 40 0
37 13 0
37 18 0
37 34 0.09605930335097003
37 0 0
37 23 0
37 36 0.1853824955908288
37 2 0
37 1 0
37 32 0.00941358024691358
37 5 0
37 37 0.16666666666666666
37 10 0
37 51 0
37 11 0
37 44 0
37 39 0
37 20 0
37 8 0
37 3 0
37 25 0
37 12 0
37 17 0
37 41 0
37 4 0
37 29 0.0
37 30 0.0
37 27 0
37 22 0
37 16 0
37 21 0
37 6 0
37 19 0
37 48 0
37 15 0
37 49 0
37 26 0
37 47 0
37 50 0
37 31 0.023877865961199302
37 35 0.18538249559082867
37 28 0
37 38 0.2627259700176367
10 43 0.0020746759695431543
10 7 0.0
10 14 0
10 24 0
10 45 0.0001781482171696976
10 9 0.0
10 33 0.06413831241570819
10 40 0.003983855003582018
10 13 0
10 18 0
10 34 0.08165719592234405
10 0 0
10 23 0
10 36 0.11721366711475675
10 2 0
10 1 0
10 32 0.005295014728619095
10 5 0.0007817098332167589
10 37 0.07202437368044948
10 10 0.0
10 51 0.06426609547294676
10 11 0.0
10 44 0.002074675969543155
10 39 0.0009594128774621669
10 20 0
10 8 0.0
10 3 0
10 25 0
10 12 0
10 17 0
10 41 0.0015439574608184944
10 4 0.0007817098332167595
10 29 0.0
10 30 0.00034037351216116514
10 27 0.0
10 22 0
10 16 0
10 21 0
10 6 0.0
10 19 0
10 48 0.0
10 15 0
10 49 0.09626722189918017
10 26 0.04109902120468124
10 47 0.060679841795265754
10 50 0.09626722189918017
10 31 0.017478278470390903
10 35 0.11721366711475674
10 28 0.0
10 38 0.15368156960277388
51 43 0.01336805555555556
51 7 0
51 14 0
51 24 0
51 45 0.0
51 9 0
51 33 0
51 40 0.010481481481481486
51 13 0
51 18 0
51 34 0
51 0 0
51 23 0
51 36 0
51 2 0
51 1 0
51 32 0
51 5 0
51 37 0
51 10 0
51 51 0.2
51 11 0
51 44 0.01336805555555556
51 39 0.004585648148148148
51 20 0
51 8 0
51 3 0
51 25 0
51 12 0
51 17 0
51 41 0.004585648148148148
51 4 0
51 29 0
51 30 0
51 27 0
51 22 0
51 16 0
51 21 0
51 6 0
51 19 0
51 48 0.0
51 15 0
51 49 0.312361111111111
51 26 0
51 47 0.1288888888888889
51 50 0.31236111111111076
51 31 0
51 35 0
51 28 0
51 38 0
11 43 0.0020746759695428694
11 7 0.0
11 14 0
11 24 0
11 45 0.00017814821716970812
11 9 0.0
11 33 0.06413831241571134
11 40 0.003983855003581822
11 13 0
11 18 0
11 34 0.08165719592234395
11 0 0
11 23 0
11 36 0.11721366711479202
11 2 0
11 1 0
11 32 0.0052950147286202265
11 5 0.0007817098332167596
11 37 0.07202437368046781
11 10 0.0
11 51 0.06426609547281834
11 11 0.0
11 44 0.0020746759695428694
11 39 0.0009594128774621486
11 20 0
11 8 0.0
11 3 0
11 25 0
11 12 0
11 17 0
11 41 0.0015439574608181713
11 4 0.0007817098332167596
11 29 0.0
11 30 0.000340373512161166
11 27 0.0
11 22 0
11 16 0
11 21 0
11 6 0.0
11 19 0
11 48 0.0
11 15 0
11 49 0.0962672218985756
11 26 0.04109902120468114
11 47 0.06067984179514863
11 50 0.0962672218985756
11 31 0.017478278470394598
11 35 0.11721366711479202
11 28 0.0
11 38 0.1536815696026179
44 43 0.007645318930041154
44 7 0
44 14 0
44 24 0
44 45 0.0008066218707133059
44 9 0
44 33 0
44 40 0.03223162615740739
44 13 0
44 18 0
44 34 0
44 0 0
44 23 0
44 36 0
44 2 0
44 1 0
44 32 0
44 5 0
44 37 0
44 10 0
44 51 0.18888862498928355
44 11 0
44 44 0.0
44 39 0.02369753086419751
44 20 0
44 8 0
44 3 0
44 25 0
44 12 0
44 17 0
44 41 0.009801713605967077
44 4 0
44 29 0
44 30 0
44 27 0
44 22 0
44 16 0
44 21 0
44 6 0
44 19 0
44 48 0.0
44 15 0
44 49 0.28084608222950996
44 26 0
44 47 0.1752363991233713
44 50 0.2808460822295099
44 31 0
44 35 0
44 28 0
44 38 0
39 43 0.006973460005144035
39 7 0
39 14 0
39 24 0
39 45 0.00047823431069958847
39 9 0
39 33 0
39 40 0.012533757716049383
39 13 0
39 18 0
39 34 0
39 0 0
39 23 0
39 36 0
39 2 0
39 1 0
39 32 0
39 5 0
39 37 0
39 10 0
39 51 0.1959237557104899
39 11 0
39 44 0.0069734600051440335
39 39 0.0
39 20 0
39 8 0
39 3 0
39 25 0
39 12 0
39 17 0
39 41 0.005272472993827162
39 4 0
39 29 0
39 30 0
39 27 0
39 22 0
39 16 0
39 21 0
39 6 0
39 19 0
39 48 0.0
39 15 0
39 49 0.2932784767385621
39 26 0
39 47 0.18528790578152604
39 50 0.29327847673856206
39 31 0
39 35 0
39 28 0
39 38 0
20 43 0.0021934967713343233
20 7 0
20 14 0
20 24 0
20 45 0.00015042825450877495
20 9 0
20 33 0.06447224049296468
20 40 0.003942484371109481
20 13 0
20 18 0.001582341269841269
20 34 0.08241573616674368
20 0 0
20 23 0.0
20 36 0.1165820416544624
20 2 0
20 1 0
20 32 0.005069286160151122
20 5 0
20 37 0.07183065510724053
20 10 0
20 51 0.06162767482150117
20 11 0
20 44 0.002193496771334324
20 39 0.0
20 20 0.0
20 8 0
20 3 0
20 25 0
20 12 0
20 17 0.0017609126984126967
20 41 0.0016584525444149046
20 4 0
20 29 0.0
20 30 0.0003003384847763165
20 27 0.0
20 22 0.0
20 16 0.0017609126984126965
20 21 0.0
20 6 0
20 19 0.0015823412698412684
20 48 0.0
20 15 0
20 49 0.0922505314936292
20 26 0.049665674603174934
20 47 0.058282175964082875
20 50 0.09225053149362919
20 31 0.017599813979817254
20 35 0.11658204165446236
20 28 0
20 38 0.154246391274535
8 43 0.002159345221735403
8 7 0.0
8 14 0
8 24 0
8 45 0.00024964711989341006
8 9 0.0
8 33 0.05861071687006462
8 40 0.004315246425308581
8 13 0
8 18 0
8 34 0.07467646264726867
8 0 0
8 23 0
8 36 0.10690077416253728
8 2 0
8 1 0
8 32 0.004795614215431364
8 5 0.0006041513233973548
8 37 0.06572045196557068
8 10 0.0
8 51 0.07630267445478756
8 11 0.0
8 44 0.0021593452217354035
8 39 0.0025595172029655093
8 20 0
8 8 0.0
8 3 0
8 25 0
8 12 0
8 17 0
8 41 0.0016845959079288429
8 4 0.0006041513233973548
8 29 0.0
8 30 0.00030393160458299956
8 27 0.0
8 22 0
8 16 0
8 21 0
8 6 0.0
8 19 0
8 48 0.0
8 15 0
8 49 0.1143890523525764
8 26 0.03434350221965957
8 47 0.07195692900655484
8 50 0.1143890523525764
8 31 0.015977149626639597
8 35 0.1069007741625373
8 28 0.0
8 38 0.1403969146127777
3 43 0.002039558797702438
3 7 0.0
3 14 0
3 24 0
3 45 0.00018626225482042493
3 9 0.0
3 33 0.06372212372864693
3 40 0.004109063541720491
3 13 0
3 18 0
3 34 0.08098534036636722
3 0 0.0
3 23 0
3 36 0.11698196533359961
3 2 0.0
3 1 0.0
3 32 0.005368528719520095
3 5 0.0004986317210238846
3 37 0.07179921070096043
3 10 0.0
3 51 0.06554131986282241
3 11 0.0
3 44 0.0020395587977024366
3 39 0.001302838937244745
3 20 0
3 8 0.0
3 3 0.0
3 25 0
3 12 0
3 17 0
3 41 0.0014621109425510344
3 4 0.0004986317210238857
3 29 0.0
3 30 0.0003559695255842977
3 27 0.0
3 22 0
3 16 0
3 21 0
3 6 0.0
3 19 0
3 48 0.0
3 15 0
3 49 0.09820328100979919
3 26 0.037755346645755083
3 47 0.061828601721446746
3 50 0.09820328100979919
3 31 0.01735185823038357
3 35 0.11698196533359959
3 28 0.0
3 38 0.15278455106388644
25 43 0.0008135703339334712
25 7 0
25 14 0
25 24 0
25 45 5.579400291495202e-05
25 9 0
25 33 0.08540294284049603
25 40 0.0014622717335390943
25 13 0
25 18 0
25 34 0.1091717357917969
25 0 0
25 23 0
25 36 0.15443002078890616
25 2 0
25 1 0
25 32 0.006715013358738552
25 5 0
25 37 0.09515024273093017
25 10 0
25 51 0.022857771499557204
25 11 0
25 44 0.0008135703339334713
25 39 0.0
25 20 0
25 8 0
25 3 0
25 25 0.0
25 12 0
25 17 0
25 41 0.0006151218492798355
25 4 0
25 29 0.0
25 30 0.0003978423931300914
25 27 0.0
25 22 0
25 16 0
25 21 0
25 6 0
25 19 0
25 48 0.0
25 15 0
25 49 0.034215822286165556
25 26 0.05
25 47 0.021616922341177947
25 50 0.03421582228616556
25 31 0.023313536117709848
25 35 0.15443002078890614
25 28 0.0
25 38 0.20432197852272732
12 43 0.0021978335381242437
12 7 0
12 14 0.0
12 24 0
12 45 0.0001507256665076558
12 9 0
12 33 0.06459970868497174
12 40 0.003950279064722132
12 13 0.0
12 18 0.0013289728905965695
12 34 0.08257868047871252
12 0 0
12 23 0.0
12 36 0.11681253623466364
12 2 0
12 1 0
12 32 0.005079308655778925
12 5 0
12 37 0.07197267163303153
12 10 0
12 51 0.061749519020059394
12 11 0
12 44 0.002197833538124243
12 39 0.0
12 20 0.0
12 8 0
12 3 0
12 25 0
12 12 0.0
12 17 0.0010323400450715262
12 41 0.0016617314742052164
12 4 0
12 29 0.0
12 30 0.0003009322845873133
12 27 0.0
12 22 0.0
12 16 0.001032340045071524
12 21 0.0
12 6 0
12 19 0.0013289728905965701
12 48 0.0
12 15 0.0
12 49 0.09243292020655036
12 26 0.04976386870643269
12 47 0.05839740577010108
12 50 0.09243292020655036
12 31 0.01763461060628498
12 35 0.11681253623466364
12 28 0
12 38 0.15455135210880022
17 43 0.0022017689457795573
17 7 0
17 14 0
17 24 0
17 45 0.00015099555361725462
17 9 0
17 33 0.06471537995281618
17 40 0.00395735237497106
17 13 0
17 18 0.001013737542342039
17 34 0.08272654462367816
17 0 0
17 23 0.0
17 36 0.11702169900814836
17 2 0
17 1 0
17 32 0.005088403589443982
17 5 0
17 37 0.07210154481960815
17 10 0
17 51 0.06186008677799961
17 11 0
17 44 0.0022017689457795573
17 39 0.0
17 20 0.0
17 8 0
17 3 0
17 25 0
17 12 0
17 17 0.0
17 41 0.00166470694557753
17 4 0
17 29 0.0
17 30 0.00030147112940622
17 27 0.0
17 22 0.0
17 16 0.0009130221018448527
17 21 0.0
17 6 0
17 19 0.0010137375423420391
17 48 0.0
17 15 0
17 49 0.09259842919669994
17 26 0.04985297514067359
17 47 0.05850197128478756
17 50 0.09259842919669994
17 31 0.01766618687506467
17 35 0.11702169900814836
17 28 0
17 38 0.15482808944403434
41 43 0.0042211880572702335
41 7 0
41 14 0
41 24 0
41 45 0.0005579400291495198
41 9 0
41 33 0
41 40 0.01659861539780522
41 13 0
41 18 0
41 34 0
41 0 0
41 23 0
41 36 0
41 2 0
41 1 0
41 32 0
41 5 0
41 37 0
41 10 0
41 51 0.19514569178312183
41 11 0
41 44 0.0042211880572702335
41 39 0.011058063271604938
41 20 0
41 8 0
41 3 0
41 25 0
41 12 0
41 17 0
41 41 0.0
41 4 0
41 29 0
41 30 0
41 27 0
41 22 0
41 16 0
41 21 0
41 6 0
41 19 0
41 48 0.0
41 15 0
41 49 0.29308313552026133
41 26 0
41 47 0.18203104236325424
41 50 0.29308313552026133
41 31 0
41 35 0
41 28 0
41 38 0
4 43 0.0020382256807189325
4 7 0.0
4 14 0
4 24 0
4 45 0.00019096294417844325
4 9 0.0
4 33 0.0635395627010531
4 40 0.0041012816590445715
4 13 0
4 18 0
4 34 0.08074943155496708
4 0 0
4 23 0
4 36 0.11666130495543725
4 2 0
4 1 0
4 32 0.0053561030592391215
4 5 0.0002733189810276817
4 37 0.07160014363759375
4 10 0.0
4 51 0.066125701322649
4 11 0.0
4 44 0.0020382256807189333
4 39 0.0014094874663187985
4 20 0
4 8 0.0
4 3 0
4 25 0
4 12 0
4 17 0
4 41 0.0014745061141352904
4 4 0.0
4 29 0.0
4 30 0.00035543740731404795
4 27 0.0
4 22 0
4 16 0
4 21 0
4 6 0.0
4 19 0
4 48 0.0
4 15 0
4 49 0.09908443674258152
4 26 0.03722658781196976
4 47 0.06237817569618863
4 50 0.09908443674258152
4 31 0.017301789691962388
4 35 0.11666130495543725
4 28 0.0
4 38 0.15234957519261064
29 43 0
29 7 0
29 14 0
29 24 0
29 45 0
29 9 0
29 33 0.09857266246445652
29 40 0
29 13 0
29 18 0
29 34 0.1220542367409926
29 0 0
29 23 0
29 36 0.19296688969348758
29 2 0
29 1 0
29 32 0.010753377739984889
29 5 0
29 37 0.11656513134905606
29 10 0
29 51 0
29 11 0
29 44 0
29 39 0
29 20 0
29 8 0
29 3 0
29 25 0
29 12 0
29 17 0
29 41 0
29 4 0
29 29 0.0
29 30 0.0009548217435122197
29 27 0
29 22 0
29 16 0
29 21 0
29 6 0
29 19 0
29 48 0
29 15 0
29 49 0
29 26 0
29 47 0
29 50 0
29 31 0.02654662248497281
29 35 0.19296688969348755
29 28 0
29 38 0.23861936809004908
30 43 0
30 7 0
30 14 0
30 24 0
30 45 0
30 9 0
30 33 0.10639440035273362
30 40 0
30 13 0
30 18 0
30 34 0.13995792915931796
30 0 0
30 23 0
30 36 0.17766516019988224
30 2 0
30 1 0
30 32 0.005362654320987653
30 5 0
30 37 0.11179545120517338
30 10 0
30 51 0
30 11 0
30 44 0
30 39 0
30 20 0
30 8 0
30 3 0
30 25 0
30 12 0
30 17 0
30 41 0
30 4 0
30 29 0.0
30 30 0.0
30 27 0
30 22 0
30 16 0
30 21 0
30 6 0
30 19 0
30 48 0
30 15 0
30 49 0
30 26 0
30 47 0
30 50 0
30 31 0.029405864197530857
30 35 0.17766516019988227
30 28 0
30 38 0.2517533803644911
27 43 0.002324486668381344
27 7 0
27 14 0
27 24 0
27 45 0.00015941143689986281
27 9 0
27 33 0.06832235427239672
27 40 0.004177919238683126
27 13 0
27 18 0
27 34 0.08733738863343672
27 0 0
27 23 0
27 36 0.12354401663112301
27 2 0
27 1 0
27 32 0.005372010686990847
27 5 0
27 37 0.0761201941847429
27 10 0
27 51 0.0653079185701629
27 11 0
27 44 0.002324486668381344
27 39 0.0
27 20 0
27 8 0
27 3 0
27 25 0
27 12 0
27 17 0
27 41 0.0017574909979423872
27 4 0
27 29 0.0
27 30 0.00031827391450407316
27 27 0.0
27 22 0
27 16 0
27 21 0
27 6 0
27 19 0
27 48 0.0
27 15 0
27 49 0.09775949224618735
27 26 0
27 47 0.06176263526050863
27 50 0.09775949224618737
27 31 0.018650828894167876
27 35 0.12354401663112302
27 28 0
27 38 0.16345758281818062
22 43 0.0021873711129101678
22 7 0
22 14 0
22 24 0
22 45 0.00015000816175261806
22 9 0
22 33 0.06429219239428088
22 40 0.003931474410706124
22 13 0
22 18 0.0021670375969317754
22 34 0.08218557824935985
22 0 0
22 23 0.0
22 36 0.11625646936491975
22 2 0
22 1 0
22 32 0.005055129442043104
22 5 0
22 37 0.07163005756660812
22 10 0
22 51 0.0614555705856652
22 11 0
22 44 0.002187371112910167
22 39 0.0
22 20 0.0
22 8 0
22 3 0
22 25 0
22 12 0
22 17 0.002563202492931329
22 41 0.001653821074730587
22 4 0
22 29 0.0
22 30 0.00029949974592194135
22 27 0.0
22 22 0.0
22 16 0.002563202492931329
22 21 0.0
22 6 0
22 19 0.002167037596931775
22 48 0.0
22 15 0
22 49 0.09199290848146803
22 26 0.04952697599101331
22 47 0.0581194145199313
22 50 0.091992908481468
22 31 0.017550663942227183
22 35 0.11625646936491975
22 28 0
22 38 0.1538156358156947
16 43 0.002201768945779867
16 7 0
16 14 0
16 24 0
16 45 0.00015099555361726332
16 9 0
16 33 0.06471537995284095
16 40 0.003957352374971006
16 13 0
16 18 0.0010137375423420393
16 34 0.08272654462356531
16 0 0
16 23 0.0
16 36 0.11702169900806984
16 2 0
16 1 0
16 32 0.005088403589445885
16 5 0
16 37 0.072101544819582
16 10 0
16 51 0.06186008677803247
16 11 0
16 44 0.002201768945779869
16 39 0.0
16 20 0.0
16 8 0
16 3 0
16 25 0
16 12 0
16 17 0.0009130221018448536
16 41 0.001664706945577492
16 4 0
16 29 0.0
16 30 0.00030147112940623414
16 27 0.0
16 22 0.0
16 16 0.0
16 21 0.0
16 6 0
16 19 0.001013737542342039
16 48 0.0
16 15 0
16 49 0.0925984291967289
16 26 0.04985297514067376
16 47 0.05850197128478388
16 50 0.0925984291967289
16 31 0.01766618687506661
16 35 0.11702169900806984
16 28 0
16 38 0.15482808944364998
21 43 0.002187371112910373
21 7 0
21 14 0
21 24 0
21 45 0.00015000816175262982
21 9 0
21 33 0.0642921923942868
21 40 0.003931474410706291
21 13 0
21 18 0.0021670375969317767
21 34 0.0821855782492984
21 0 0
21 23 0.0
21 36 0.11625646936493936
21 2 0
21 1 0
21 32 0.005055129442043518
21 5 0
21 37 0.0716300575665206
21 10 0
21 51 0.06145557058571917
21 11 0
21 44 0.0021873711129103733
21 39 0.0
21 20 0.0
21 8 0
21 3 0
21 25 0
21 12 0
21 17 0.0025632024929313304
21 41 0.001653821074730705
21 4 0
21 29 0.0
21 30 0.0002994997459219602
21 27 0.0
21 22 0.0
21 16 0.00256320249293133
21 21 0.0
21 6 0
21 19 0.0021670375969317767
21 48 0.0
21 15 0
21 49 0.09199290848125971
21 26 0.049526975991013425
21 47 0.0581194145199634
21 50 0.0919929084812597
21 31 0.017550663942227682
21 35 0.11625646936493932
21 28 0
21 38 0.15381563581573693
6 43 0.0018913738976608523
6 7 0.0
6 14 0
6 24 0
6 45 0.00017896188230393117
6 9 0.0
6 33 0.06590452847731373
6 40 0.003804799255160971
6 13 0
6 18 0
6 34 0.08352484256873655
6 0 0
6 23 0
6 36 0.1218606225296593
6 2 0
6 1 0
6 32 0.005730282915917799
6 5 0.00041364841149762815
6 37 0.0746576437718446
6 10 0.0
6 51 0.06159390543752639
6 11 0.0
6 44 0.0018913738976608523
6 39 0.0013475887673303614
6 20 0
6 8 0.0
6 3 0
6 25 0
6 12 0
6 17 0
6 41 0.0013727683398463064
6 4 0.0004136484114976282
6 29 0.0
6 30 0.0003975219686942354
6 27 0.0
6 22 0
6 16 0
6 21 0
6 6 0.0
6 19 0
6 48 0.0
6 15 0
6 49 0.09229593381017691
6 26 0.034354436289170585
6 47 0.05810238454735814
6 50 0.09229593381017694
6 31 0.017924692140105072
6 35 0.12186062252965928
6 28 0.0
6 38 0.15818248634092769
19 43 0.0022017004128207784
19 7 0
19 14 0
19 24 0
19 45 0.00015099085368173982
19 9 0
19 33 0.06471336560140592
19 40 0.003957229197165299
19 13 0
19 18 0.0008097915091962713
19 34 0.08272396965104244
19 0 0
19 23 0.0
19 36 0.117018056553766
19 2 0
19 1 0
19 32 0.005088245206180042
19 5 0
19 37 0.07209930056418705
19 10 0
19 51 0.06185816130138227
19 11 0
19 44 0.002201700412820779
19 39 0.0
19 20 0.0
19 8 0
19 3 0
19 25 0
19 12 0
19 17 0.0010808702338960274
19 41 0.0016646551293808232
19 4 0
19 29 0.0
19 30 0.00030146174572019674
19 27 0.0
19 22 0.0
19 16 0.0010808702338960274
19 21 0.0
19 6 0
19 19 0.0
19 48 0.0
19 15 0
19 49 0.09259554694873899
19 26 0.04985142340115065
19 47 0.058500150333895044
19 50 0.09259554694873902
19 31 0.017665636991722817
19 35 0.11701805655376603
19 28 0
19 38 0.15482327021656625
48 43 0.048880931712962934
48 7 0
48 14 0
48 24 0
48 45 0.0
48 9 0
48 33 0
48 40 0.023699845679012364
48 13 0
48 18 0
48 34 0
48 0 0
48 23 0
48 36 0
48 2 0
48 1 0
48 32 0
48 5 0
48 37 0
48 10 0
48 51 0.2088888888888889
48 11 0
48 44 0.048880931712962934
48 39 0.010368682484567907
48 20 0
48 8 0
48 3 0
48 25 0
48 12 0
48 17 0
48 41 0.010368682484567907
48 4 0
48 29 0
48 30 0
48 27 0
48 22 0
48 16 0
48 21 0
48 6 0
48 19 0
48 48 0.0
48 15 0
48 49 0.24418981481481483
48 26 0
48 47 0.1605324074074074
48 50 0.24418981481481478
48 31 0
48 35 0
48 28 0
48 38 0
15 43 0.002194878554327665
15 7 0
15 14 0.0
15 24 0
15 45 0.00015052301608185791
15 9 0
15 33 0.06451285448008898
15 40 0.003944967920639093
15 13 0.0
15 18 0.0015656739970385583
15 34 0.08246765357669684
15 0 0
15 23 0.0
15 36 0.11665548196913636
15 2 0
15 1 0
15 32 0.005072479533194074
15 5 0
15 37 0.0718759044954311
15 10 0
15 51 0.06166649688069225
15 11 0
15 44 0.002194878554327666
15 39 0.0
15 20 0.0
15 8 0
15 3 0
15 25 0
15 12 0.0
15 17 0.001464713383883841
15 41 0.001659497278815483
15 4 0
15 29 0.0
15 30 0.00030052768159633827
15 27 0.0
15 22 0.0
15 16 0.0014647133838838356
15 21 0.0
15 6 0
15 19 0.0015656739970385581
15 48 0.0
15 15 0.0
15 49 0.09230864427392856
15 26 0.049696961261903115
15 47 0.05831889054536597
15 50 0.09230864427392858
15 31 0.017610900900318194
15 35 0.11665548196913637
15 28 0
15 38 0.15434355807624933
49 43 0.00835503472222222
49 7 0
49 14 0
49 24 0
49 45 0.0
49 9 0
49 33 0
49 40 0.008063271604938273
49 13 0
49 18 0
49 34 0
49 0 0
49 23 0
49 36 0
49 2 0
49 1 0
49 32 0
49 5 0
49 37 0
49 10 0
49 51 0.18472222222222284
49 11 0
49 44 0.008355034722222219
49 39 0.0035276813271604944
49 20 0
49 8 0
49 3 0
49 25 0
49 12 0
49 17 0
49 41 0.0035276813271604944
49 4 0
49 29 0
49 30 0
49 27 0
49 22 0
49 16 0
49 21 0
49 6 0
49 19 0
49 48 0.04328703703703702
49 15 0
49 49 0.3333333333333333
49 26 0
49 47 0.12569444444444444
49 50 0.2811342592592598
49 31 0
49 35 0
49 28 0
49 38 0
26 43 0.0017433650012860088
26 7 0
26 14 0
26 24 0
26 45 0.00011955857767489712
26 9 0
26 33 0.05124176570429752
26 40 0.0031334394290123456
26 13 0
26 18 0
26 34 0.06550304147507763
26 0 0
26 23 0
26 36 0.0926580124733425
26 2 0
26 1 0
26 32 0.0040290080152431355
26 5 0
26 37 0.05709014563855736
26 10 0
26 51 0.048980938927622474
26 11 0
26 44 0.0017433650012860084
26 39 0.0
26 20 0
26 8 0
26 3 0
26 25 0
26 12 0
26 17 0
26 41 0.0013181182484567906
26 4 0
26 29 0.0
26 30 0.00023870543587805492
26 27 0
26 22 0
26 16 0
26 21 0
26 6 0
26 19 0
26 48 0.0
26 15 0
26 49 0.07331961918464053
26 26 0.25
26 47 0.04632197644538151
26 50 0.07331961918464051
26 31 0.013988121670625915
26 35 0.09265801247334252
26 28 0
26 38 0.12259318711363532
47 43 0.0
47 7 0
47 14 0
47 24 0
47 45 0.0
47 9 0
47 33 0
47 40 0.006172839506172839
47 13 0
47 18 0
47 34 0
47 0 0
47 23 0
47 36 0
47 2 0
47 1 0
47 32 0
47 5 0
47 37 0
47 10 0
47 51 0.18582818930041162
47 11 0
47 44 0.0
47 39 0.002700617283950617
47 20 0
47 8 0
47 3 0
47 25 0
47 12 0
47 17 0
47 41 0.002700617283950617
47 4 0
47 29 0
47 30 0
47 27 0
47 22 0
47 16 0
47 21 0
47 6 0
47 19 0
47 48 0.0
47 15 0
47 49 0.31796553497942365
47 26 0
47 47 0.16666666666666666
47 50 0.3179655349794237
47 31 0
47 35 0
47 28 0
47 38 0
50 43 0.00835503472222222
50 7 0
50 14 0
50 24 0
50 45 0.0
50 9 0
50 33 0
50 40 0.008063271604938273
50 13 0
50 18 0
50 34 0
50 0 0
50 23 0
50 36 0
50 2 0
50 1 0
50 32 0
50 5 0
50 37 0
50 10 0
50 51 0.18472222222222284
50 11 0
50 44 0.008355034722222219
50 39 0.0035276813271604944
50 20 0
50 8 0
50 3 0
50 25 0
50 12 0
50 17 0
50 41 0.0035276813271604944
50 4 0
50 29 0
50 30 0
50 27 0
50 22 0
50 16 0
50 21 0
50 6 0
50 19 0
50 48 0.04328703703703702
50 15 0
50 49 0.2811342592592598
50 26 0
50 47 0.12569444444444444
50 50 0.3333333333333333
50 31 0
50 35 0
50 28 0
50 38 0
31 43 0
31 7 0
31 14 0
31 24 0
31 45 0
31 9 0
31 33 0.11980820105820109
31 40 0
31 13 0
31 18 0
31 34 0.12703305959729583
31 0 0
31 23 0
31 36 0.1909009957378012
31 2 0
31 1 0
31 32 0.007242063492063494
31 5 0
31 37 0.1183203538359788
31 10 0
31 51 0
31 11 0
31 44 0
31 39 0
31 20 0
31 8 0
31 3 0
31 25 0
31 12 0
31 17 0
31 41 0
31 4 0
31 29 0.0004409171075837742
31 30 0.0
31 27 0
31 22 0
31 16 0
31 21 0
31 6 0
31 19 0
31 48 0
31 15 0
31 49 0
31 26 0
31 47 0
31 50 0
31 31 0.0
31 35 0.1909009957378011
31 28 0
31 38 0.24535341343327446
35 43 0
35 7 0
35 14 0
35 24 0
35 45 0
35 9 0
35 33 0.0785051807760141
35 40 0
35 13 0
35 18 0
35 34 0.1070808531746031
35 0 0
35 23 0
35 36 0.16389376653439147
35 2 0
35 1 0
35 32 0.026349344135802467
35 5 0
35 37 0.11849475033068778
35 10 0
35 51 0
35 11 0
35 44 0
35 39 0
35 20 0
35 8 0
35 3 0
35 25 0
35 12 0
35 17 0
35 41 0
35 4 0
35 29 0.0
35 30 0.0
35 27 0
35 22 0
35 16 0
35 21 0
35 6 0
35 19 0
35 48 0
35 15 0
35 49 0
35 26 0
35 47 0
35 50 0
35 31 0.03010050154320988
35 35 0.25
35 28 0
35 38 0.22557560350529093
28 43 0
28 7 0
28 14 0
28 24 0
28 45 0
28 9 0
28 33 0.10248353140859517
28 40 0
28 13 0
28 18 0
28 34 0.13100608295015545
28 0 0
28 23 0
28 36 0.18531602494668487
28 2 0
28 1 0
28 32 0.00805801603048627
28 5 0
28 37 0.11418029127711492
28 10 0
28 51 0
28 11 0
28 44 0
28 39 0
28 20 0
28 8 0
28 3 0
28 25 0
28 12 0
28 17 0
28 41 0
28 4 0
28 29 0.0
28 30 0.00047741087175610984
28 27 0
28 22 0
28 16 0
28 21 0
28 6 0
28 19 0
28 48 0
28 15 0
28 49 0
28 26 0
28 47 0
28 50 0
28 31 0.02797624334125179
28 35 0.18531602494668495
28 28 0.0
28 38 0.24518637422727094
38 43 0
38 7 0
38 14 0
38 24 0
38 45 0
38 9 0
38 33 0
38 40 0
38 13 0
38 18 0
38 34 0
38 0 0
38 23 0
38 36 0
38 2 0
38 1 0
38 32 0
38 5 0
38 37 0
38 10 0
38 51 0
38 11 0
38 44 0
38 39 0
38 20 0
38 8 0
38 3 0
38 25 0
38 12 0
38 17 0
38 41 0
38 4 0
38 29 0
38 30 0
38 27 0
38 22 0
38 16 0
38 21 0
38 6 0
38 19 0
38 48 0
38 15 0
38 49 0
38 26 0
38 47 0
38 50 0
38 31 0
38 35 0
38 28 0
38 38 1.0
