0 1.3609163428731894
1 0.5441792696612587
2 0.21888935546632793
3 0.34095753361848485
4 -0.0
5 -0.0
6 0
7 0
8 0
9 0
10 0
11 0
12 1.344407313118475
13 1.0172591629801
14 0.11766319072456756
15 0.13850655247300875
16 0.035259769358637574
17 -0.0
18 -0.0
19 0.004940416703573806
20 -0.0
21 -0.0
22 -0.0
23 -0.0
24 2.052190138971273
25 1.6655620604971584
26 0.2128657973419824
27 0.5296577321593243
28 0.5689714238278253
29 1.3330778305971382
30 0.4298970127208269
31 0
32 0
33 0
34 0
35 -0.0
36 -0.0
37 -0.0
38 -0.0
39 0.1865224386556526
40 1.3485635132572575
41 0.232244018451992
43 0
44 0
45 0
47 0
48 0
49 0
50 0
51 0
