0 1.5275591139127238
1 1.5275591940750486
2 1.5275584820333583
3 1.5275597451486747
4 1.526711589253491
5 1.5284027536554932
6 1.471426000047367
7 1.4668067554733584
8 1.709335938379522
9 1.1140194064366926
10 1.3478100332515552
11 1.3459049021185936
12 1.114019406436692
13 1.1140194064366908
14 1.1140194064366926
15 1.1140194064366922
16 1.1140194064366922
17 1.1140194064366926
18 1.114019406436693
19 1.114019406436693
20 1.114019406436693
21 1.1140194064366926
22 1.1140194064366926
23 1.1140194064366926
24 1.1140184177908343
25 1.114018060349293
26 1.114018060349293
27 1.1140194064366926
29 1.1140194064366926
30 1.114010842404493
33 1.0840801109792488
34 1.2021428396812464
35 1.1522380539822878
36 1.1409219228706922
37 0.920444129732811
39 -0.0
40 -0.0
45 -0.0
47 -0.0
48 -0.0
51 -0.0
