0 8.837492644836383
1 8.896733479821803
2 8.483977849252106
3 8.03678060332965
4 7.642610660493253
5 7.515177855935526
6 6.681841031254988
7 6.621762512574295
8 6.637612656478802
9 6.718273189798999
10 7.243182031943532
11 6.991174745321329
12 9.65409856099425
13 9.779276738335536
14 9.219449423105235
15 8.972689269961014
16 7.627360297386639
17 7.609336730175143
18 6.410598072770406
19 6.429019466069415
20 6.607373868544989
21 6.578631765241489
22 6.355020151215822
23 6.334292892192712
24 4.005744066120331
25 4.08853562538001
26 3.100170225355805
27 3.143281458140723
28 2.6939770769145532
29 2.4321094662001443
30 2.626162655849008
31 2.528763636729491
32 2.1919853158358644
33 1.879328585137314
34 1.9127074062472285
35 1.2965344860110104
36 0.9919974349514764
37 1.0416255004061519
38 -0.0
39 4.366583926170594
40 4.503461194924159
41 4.3136369646753385
43 3.424467452432963
44 3.271552030578296
45 3.4914016503177665
47 1.8251470564738925
48 1.7550222674369778
49 0.8904809989553697
50 0.6533058898439065
51 1.4902421762202247
