0 0.293053872879648
1 0.1995597887305999
2 0.04639682184234233
3 0.02259485441634794
4 0.06714302370906614
5 0.0237763897829879
6 0
7 0
8 0
9 0
10 0
11 0
12 0.3935094452556586
13 0.14154608909827726
14 0.042171941594147055
15 0.04393855370028268
16 0.20836274638162172
17 0.22353484668484147
18 0.27348461621715137
19 0.17019945598636183
20 0.18384740758591178
21 0.3891594466441455
22 0.2580078708508183
23 0.2836721813092676
24 0.8002963906579069
25 0.7869214920302545
26 0.5767436251852347
27 0.6231349390847136
28 0.5791927535912897
29 0.6987648265712353
30 0.5838888343604303
31 0
32 0
33 0
34 0
35 0.38177667556972045
36 0.35167645227076444
37 0.24588332514430367
38 -0.0
39 0.35861409733535854
40 0.0035588363458811294
41 0.14789780980472075
43 0
44 0
45 0
47 0
48 0
49 0
50 0
51 0
