0 1.0788339302823031
1 0.6607076937209251
2 0.060896872481137655
3 0.05674790977525686
4 7.849987448442961e-05
5 4.905108496817374e-05
6 0
7 0
8 0
9 0
10 0
11 0
12 0.6043759815577004
13 0.2702235843941184
14 0.012404540061096514
15 0.014138959546228914
16 0.00016592367306692116
17 0.00016165716014450383
18 0.00012081250389462604
19 6.680020747875898e-05
20 4.905108496817374e-05
21 3.3733205338665834e-05
22 1.7749122510585246e-05
23 3.3733205338665834e-05
24 0.6054053427404096
25 0.3677989620118839
26 0.0009097187738312994
27 0.006348664520937982
28 0.0018781912400433049
29 0.014471337329041607
30 0.005270709484367513
31 0
32 0
33 0
34 0
35 7.849987448442961e-05
36 0.00014817455055633592
37 3.3733205338665834e-05
38 0.0012414851003315632
39 0.0024751858696524525
40 0.00030945871534760513
41 0.0009031408611177733
43 0
44 0
45 0
47 0
48 0
49 0
50 0
51 0
