0 0.3630938322002165
1 0.3646165136360052
2 0.35221687996841927
3 0.35446976128109
4 0.6666140778538622
5 0.6702781240896186
6 0.7630761679247176
7 0.7833922103624396
8 0.8383901557249679
9 0.900965077170432
10 0.730657963369113
11 0.7359791308394654
12 0.5000080576087435
13 0.5096488920954106
14 0.5007684952995243
15 0.49826414974987776
16 0.6755424357966648
17 0.6816975295455475
18 0.7789832882703462
19 0.7686129414552746
20 0.790480421276119
21 0.7922968201413402
22 0.7835690479083515
23 0.7807588604051023
24 0.8002963906579069
25 0.7869214920302545
26 0.9281957360135972
27 0.8149702705920028
28 0.6966593018188885
29 0.968719882341255
30 0.9844542230573263
31 0.7963782956327348
32 0.8138098501617538
33 1.1313321470911577
34 1.1828547666596605
35 0.9285628055732206
36 0.8634546375837173
37 0.6269299181867106
38 -0.0
39 0.8276287800401063
40 0.9133959290312791
41 1.0194151825006132
43 1.0245478002548545
44 1.0530154382797208
45 1.1179323424860375
47 1.2997486060011656
48 1.2877496959169628
49 1.154204302431488
50 0.9789596378300289
51 1.1013899278931234
