0 0.3544853855634647
1 0.3561272276637468
2 0.34393952893906754
3 0.3463831718817133
4 0.6614192357597226
5 0.6642933146666462
6 0.76180598781706
7 0.7815835180562415
8 0.8386230479863092
9 0.8981477691124331
10 0.7303723671830413
11 0.7355814312680365
12 0.46888173871327693
13 0.4782846857293192
14 0.47127471145565997
15 0.4678353651746298
16 0.6650523591796922
17 0.6781956004175678
18 0.7699995625777512
19 0.7584078646526775
20 0.7878607430836516
21 0.7861977454463844
22 0.7780411188279093
23 0.7769362564685194
24 0.8038863822181395
25 0.7915959560495027
26 0.9301917599413453
27 0.821193371537966
28 0.7118573170900311
29 0.9394964601011455
30 0.9910953640428749
31 0.7967178918880177
32 0.9632357519375326
33 1.1459498146659512
34 1.2003251412072369
35 0.9470875626278019
36 0.8803851501192403
37 0.6395134773838932
38 -0.0
39 0.9152791122324959
40 0.91243592319912
41 1.025833715683464
42 0.44629956264277443
43 1.0355066781958895
44 1.059201568415694
45 1.1007551285950843
46 0.030594322340292367
47 1.3484886945647918
48 1.322889053948328
49 1.1529639718217368
50 1.01071744408977
51 1.1506515469239762
