0 0.8084130769174779
1 0.8121573402303137
2 0.7240273647898008
3 0.7291714794128236
4 1.276324626362248
5 1.5149380605120284
6 1.4700385023491356
7 1.78242139854511
8 1.91250151968578
9 1.8906915540304703
10 1.5375074274190517
11 1.4194336128489045
12 0.9870433059143278
13 1.0068374568520913
14 0.9920807546601169
15 0.9027705354981098
16 1.4000022287331162
17 1.3086975695667902
18 1.6209266666793498
19 1.4634812266552535
20 1.6585262513901062
21 1.517106684312134
22 1.5013670401373709
23 1.6355291062813888
24 1.8332836562726986
25 1.527523480133223
26 2.1213263322045686
27 1.5846368935664001
28 1.3736537662297807
29 1.1536785837378525
30 1.2170407707710118
31 0.8385857210480177
32 1.182829851196374
33 1.4071982336965243
34 1.4739697995070864
35 1.1630002712416234
36 0.9266497256176578
37 0.785306847021104
38 -0.0
39 0.8028144822931023
40 0.8003206492083249
41 0.8997847239914215
42 0.23487638745962156
43 0.7266152994482097
44 0.9290525124271453
45 0.9655001921097759
46 0.0053670109417926
47 1.182793574917877
48 1.1603394820037853
49 0.809035112258124
50 0.5319155156785152
51 1.0092656038990642
